~o
<STREAMINFO> 1 25
<VECSIZE> 25<NULLD><MFCC_D_N_Z_0><DIAGC>
~s "silst"
<MEAN> 25
 -5.984438e+000 -4.235224e-001 -3.240894e+000 3.782881e+000 3.703404e+000 -1.456411e+000 4.599411e+000 4.595673e-001 1.165800e+000 -1.767585e+000 6.915318e-001 3.557216e+000 -9.548079e-003 3.136153e-001 -3.966042e-002 -7.630794e-002 5.712356e-002 1.332667e-001 2.946925e-002 -1.208372e-001 6.953697e-002 7.504465e-002 4.779939e-002 -1.242417e-001 -3.809549e-001
<VARIANCE> 25
 1.429403e+001 2.502165e+001 2.201073e+001 3.036766e+001 2.810213e+001 3.566824e+001 3.283306e+001 4.129250e+001 2.946749e+001 3.119549e+001 2.444180e+001 2.220741e+001 7.179018e-001 1.227813e+000 1.290833e+000 1.584421e+000 1.620947e+000 1.958212e+000 1.873094e+000 2.237508e+000 1.908930e+000 2.031580e+000 1.651317e+000 1.507551e+000 7.417164e-001
<GCONST> 9.071988e+001
~h "@"
<BEGINHMM>
<NUMSTATES> 5
<STATE> 2
<MEAN> 25
 3.279372e+000 2.820809e-002 -1.446398e-001 -1.472145e+000 -1.490811e+000 -1.946203e+000 -3.737262e+000 -1.989425e+000 1.077164e-001 1.552662e+000 5.328383e-001 -7.746776e-001 2.295630e+000 -1.158564e+000 2.447835e-001 -1.842180e+000 -1.444770e+000 6.744902e-001 -2.334517e+000 9.774343e-001 5.730751e-001 9.720676e-001 5.964437e-001 -1.275621e+000 2.862568e+000
<VARIANCE> 25
 3.289740e+001 2.723516e+001 3.871133e+001 4.857962e+001 3.939606e+001 6.088653e+001 5.880536e+001 4.485634e+001 5.020717e+001 3.093885e+001 3.393348e+001 2.463188e+001 6.602258e+000 3.532992e+000 6.386806e+000 5.820981e+000 5.807840e+000 5.992473e+000 7.078512e+000 8.867929e+000 8.001343e+000 4.746626e+000 5.037799e+000 3.885713e+000 6.436646e+000
<GCONST> 1.129490e+002
<STATE> 3
<MEAN> 25
 5.997234e+000 -3.823703e+000 -3.942636e-001 -5.150424e+000 -3.718090e+000 3.562951e-001 -8.585947e+000 1.194020e+000 1.499845e+000 3.962931e+000 1.974535e+000 -3.236272e+000 1.156977e+000 -1.086388e+000 2.079639e-001 -9.766963e-001 -8.537768e-001 7.136767e-001 -1.453747e+000 1.160616e+000 5.032640e-001 8.798703e-001 2.843559e-001 -9.924571e-001 1.155369e+000
<VARIANCE> 25
 1.447988e+001 2.535624e+001 3.971981e+001 4.906065e+001 4.214307e+001 7.453864e+001 5.467105e+001 5.713303e+001 5.902639e+001 3.905963e+001 4.502674e+001 3.139386e+001 2.995887e+000 2.049872e+000 3.294736e+000 3.847559e+000 3.780327e+000 4.679471e+000 4.676293e+000 6.993443e+000 5.573957e+000 4.074485e+000 4.141580e+000 2.977579e+000 2.234524e+000
<GCONST> 1.076780e+002
<STATE> 4
<MEAN> 25
 5.526994e+000 -3.532151e+000 1.518634e+000 -3.688595e+000 -5.518845e+000 -8.199189e-001 -9.015404e+000 2.814086e+000 1.146540e+000 3.923309e+000 2.179560e+000 -3.782915e+000 1.142639e-001 2.312285e-001 1.744203e-001 3.490096e-001 1.191806e-001 4.572640e-002 2.982407e-001 -2.190921e-001 -1.456288e-001 -4.806991e-002 -1.395301e-001 5.753617e-002 -5.518311e-001
<VARIANCE> 25
 1.545314e+001 2.771786e+001 4.265122e+001 4.224999e+001 4.997611e+001 6.383398e+001 7.084503e+001 6.185646e+001 5.688422e+001 4.323480e+001 4.257742e+001 3.395974e+001 6.488472e-001 1.377778e+000 1.398706e+000 1.977782e+000 2.134704e+000 2.405387e+000 2.512562e+000 2.930034e+000 2.880277e+000 2.265649e+000 2.208617e+000 1.699726e+000 1.951286e+000
<GCONST> 9.944565e+001
<TRANSP> 5
 0.000000e+000 1.000000e+000 0.000000e+000 0.000000e+000 0.000000e+000
 0.000000e+000 2.730410e-001 7.269590e-001 0.000000e+000 0.000000e+000
 0.000000e+000 0.000000e+000 1.583119e-001 8.416880e-001 0.000000e+000
 0.000000e+000 0.000000e+000 0.000000e+000 6.989009e-001 3.010991e-001
 0.000000e+000 0.000000e+000 0.000000e+000 0.000000e+000 0.000000e+000
<ENDHMM>
~h "a"
<BEGINHMM>
<NUMSTATES> 5
<STATE> 2
<MEAN> 25
 4.752412e+000 -7.955463e+000 -3.481240e+000 -6.383183e+000 -1.572546e+000 2.138085e+000 -4.073700e+000 4.674829e+000 4.209476e+000 1.152112e+000 -1.827110e+000 -4.808189e+000 6.317193e-001 -2.045850e+000 -1.130012e+000 -1.180740e+000 5.554274e-001 1.490764e+000 -1.852931e-001 1.432377e+000 9.066816e-001 -4.501430e-001 -1.152574e+000 -1.507656e+000 1.957441e+000
<VARIANCE> 25
 1.597666e+001 2.673002e+001 3.508316e+001 3.839322e+001 4.988278e+001 6.805009e+001 4.735542e+001 7.129722e+001 4.396703e+001 4.093562e+001 4.320224e+001 3.085186e+001 2.553166e+000 2.337916e+000 2.767553e+000 3.369071e+000 4.086228e+000 3.810566e+000 4.511027e+000 6.208688e+000 4.158123e+000 3.813713e+000 3.902824e+000 2.898125e+000 4.049886e+000
<GCONST> 1.068396e+002
<STATE> 3
<MEAN> 25
 4.564271e+000 -1.143469e+001 -5.568242e+000 -7.062850e+000 1.407044e+000 5.418263e+000 -3.156494e+000 5.384644e+000 4.985040e+000 -1.317072e+000 -4.974912e+000 -6.622676e+000 -3.391407e-003 -1.797995e-001 -5.872515e-002 8.095411e-002 3.664380e-001 6.914303e-002 1.845723e-001 4.044738e-002 -6.284688e-002 -1.506656e-001 -3.284041e-001 -5.158631e-002 -1.390762e-002
<VARIANCE> 25
 7.872771e+000 1.727013e+001 2.164854e+001 2.140665e+001 3.152733e+001 4.411891e+001 3.020287e+001 5.139402e+001 3.176431e+001 3.203242e+001 3.148976e+001 2.497626e+001 2.982600e-001 6.816537e-001 7.934303e-001 9.490397e-001 1.345254e+000 1.940703e+000 1.441597e+000 1.956707e+000 1.298531e+000 1.461381e+000 1.519591e+000 1.152978e+000 4.236933e-001
<GCONST> 8.563843e+001
<STATE> 4
<MEAN> 25
 4.399087e+000 -7.864130e+000 -4.674698e+000 -5.326933e+000 1.829264e+000 2.295720e+000 -1.951983e+000 4.784642e+000 4.387360e+000 2.840411e-001 -4.543807e+000 -5.153963e+000 2.247639e-002 1.349086e+000 5.967232e-001 8.180167e-001 -8.572175e-002 -7.140425e-001 1.343444e-001 -4.335974e-001 -4.152360e-001 3.615607e-001 3.947785e-001 4.995568e-001 -1.990664e+000
<VARIANCE> 25
 1.478541e+001 2.733284e+001 2.520223e+001 3.342374e+001 4.504281e+001 5.101002e+001 4.095642e+001 5.377388e+001 3.717826e+001 4.108884e+001 3.974881e+001 3.298307e+001 1.064654e+000 1.919852e+000 1.806806e+000 2.199719e+000 2.569912e+000 2.992988e+000 3.048342e+000 3.631774e+000 2.782400e+000 2.788501e+000 2.592143e+000 2.271801e+000 3.133649e+000
<GCONST> 1.001351e+002
<TRANSP> 5
 0.000000e+000 1.000000e+000 0.000000e+000 0.000000e+000 0.000000e+000
 0.000000e+000 5.537156e-001 4.462844e-001 0.000000e+000 0.000000e+000
 0.000000e+000 0.000000e+000 7.612946e-001 2.387054e-001 0.000000e+000
 0.000000e+000 0.000000e+000 0.000000e+000 7.086518e-001 2.913482e-001
 0.000000e+000 0.000000e+000 0.000000e+000 0.000000e+000 0.000000e+000
<ENDHMM>
~h "b"
<BEGINHMM>
<NUMSTATES> 5
<STATE> 2
<MEAN> 25
 8.299321e+000 7.470874e+000 3.602661e+000 2.913335e+000 1.844403e+000 4.370936e+000 1.503589e+000 -5.557627e+000 -3.168196e+000 -5.975149e-001 4.439937e-001 -1.147733e+000 3.904016e-001 1.312969e+000 3.814216e-001 6.615312e-001 6.095246e-001 2.567073e-001 9.278558e-001 -3.031167e-001 -1.614392e-001 -2.385769e-001 -1.583632e-001 3.870095e-002 -1.309676e+000
<VARIANCE> 25
 3.706957e+001 3.453512e+001 2.476906e+001 3.122455e+001 2.979163e+001 3.099698e+001 3.868562e+001 3.619423e+001 3.996740e+001 2.571458e+001 3.131120e+001 2.429673e+001 1.941047e+000 2.401001e+000 2.005844e+000 2.673644e+000 2.471609e+000 2.672078e+000 3.108104e+000 3.010538e+000 3.078412e+000 2.360832e+000 2.473209e+000 1.915978e+000 4.669334e+000
<GCONST> 9.981709e+001
<STATE> 3
<MEAN> 25
 8.866530e+000 9.612846e+000 4.593583e+000 4.166852e+000 2.807204e+000 4.458163e+000 3.183359e+000 -6.055788e+000 -4.153751e+000 -1.326485e+000 7.349298e-001 -4.030340e-001 -1.188644e+000 -2.176427e+000 -1.494986e+000 -1.248659e+000 -3.680355e-001 -1.015292e+000 -1.678652e+000 6.600145e-001 9.254720e-001 3.325112e-001 1.217265e+000 6.575099e-001 3.480173e+000
<VARIANCE> 25
 2.435981e+001 2.454095e+001 1.774535e+001 2.403091e+001 2.756662e+001 2.987970e+001 2.741572e+001 3.271664e+001 3.399650e+001 2.101812e+001 2.876812e+001 2.125569e+001 1.778187e+000 2.721727e+000 3.158818e+000 5.220368e+000 3.702003e+000 3.469071e+000 3.731951e+000 3.365146e+000 4.749718e+000 3.602771e+000 3.535932e+000 2.554086e+000 4.408502e+000
<GCONST> 1.008828e+002
<STATE> 4
<MEAN> 25
 5.810618e+000 1.075111e+000 -1.471422e+000 -2.198137e+000 -2.115326e-001 2.540978e+000 -3.304977e+000 -5.029891e+000 -1.003247e-001 2.116296e+000 5.247098e+000 2.828393e-001 -5.869743e-001 -3.111185e+000 -1.472373e+000 -2.605896e+000 -1.840606e+000 -1.625367e-002 -2.658059e+000 1.214232e+000 1.897549e+000 1.270434e+000 5.964591e-001 -9.208736e-001 4.861110e+000
<VARIANCE> 25
 2.247199e+001 2.700776e+001 2.404384e+001 7.542944e+001 3.297762e+001 4.749028e+001 4.124844e+001 2.846157e+001 3.243103e+001 3.639464e+001 3.259121e+001 2.282694e+001 2.334836e+000 4.085871e+000 5.131793e+000 7.703481e+000 4.270809e+000 6.133920e+000 5.372292e+000 7.248978e+000 9.548654e+000 6.085635e+000 5.178583e+000 5.417095e+000 5.150785e+000
<GCONST> 1.098644e+002
<TRANSP> 5
 0.000000e+000 1.000000e+000 0.000000e+000 0.000000e+000 0.000000e+000
 0.000000e+000 7.846732e-001 2.153268e-001 0.000000e+000 0.000000e+000
 0.000000e+000 0.000000e+000 4.438391e-001 5.561609e-001 0.000000e+000
 0.000000e+000 0.000000e+000 0.000000e+000 3.506829e-001 6.493171e-001
 0.000000e+000 0.000000e+000 0.000000e+000 0.000000e+000 0.000000e+000
<ENDHMM>
~h "c"
<BEGINHMM>
<NUMSTATES> 5
<STATE> 2
<MEAN> 25
 -1.321853e+000 5.182733e+000 2.038548e+000 4.133336e+000 8.435152e-001 -4.607979e+000 1.661751e+000 -7.480324e-002 2.972536e-001 -1.997164e+000 -4.224814e-001 2.467027e+000 -1.423925e+000 1.129063e-001 -7.200590e-001 -2.150252e-001 5.629293e-001 1.499516e-001 5.214355e-001 -2.396965e-001 2.985699e-001 4.411613e-002 1.518064e-001 6.597809e-002 -1.428156e+000
<VARIANCE> 25
 2.393282e+001 3.254478e+001 3.473750e+001 2.178313e+001 3.955517e+001 4.124439e+001 4.327687e+001 4.018198e+001 3.731559e+001 2.786275e+001 2.362389e+001 2.176710e+001 3.759923e+000 4.479029e+000 2.572029e+000 2.750095e+000 3.687094e+000 2.839641e+000 3.221269e+000 3.228424e+000 3.092204e+000 2.670451e+000 2.267657e+000 2.189531e+000 8.759634e+000
<GCONST> 1.026355e+002
<STATE> 3
<MEAN> 25
 -1.551385e+001 1.918365e+000 -3.309298e+000 -1.799392e+000 3.510751e+000 -3.295319e+000 3.440966e+000 -1.004756e+000 1.390599e+000 1.399169e-001 2.205726e+000 3.831372e+000 -2.346374e+000 -5.774603e-001 -2.882657e-001 -1.129490e+000 -3.575136e-001 -3.293971e-001 1.377307e-001 3.739320e-001 2.390424e-001 2.781194e-002 4.486030e-001 5.152533e-001 4.054692e+000
<VARIANCE> 25
 3.424496e+001 2.366312e+001 2.666211e+001 2.975198e+001 2.712761e+001 3.632331e+001 3.784160e+001 2.967529e+001 2.426421e+001 2.363412e+001 1.678252e+001 1.451826e+001 6.506476e+000 2.434975e+000 3.978832e+000 3.312707e+000 3.244672e+000 3.401648e+000 3.177858e+000 3.343120e+000 2.813093e+000 2.445787e+000 2.179473e+000 1.647503e+000 5.309063e+000
<GCONST> 1.000670e+002
<STATE> 4
<MEAN> 25
 -1.048187e+001 1.087767e+000 1.048528e+000 -1.253083e+000 -7.616054e-001 -5.899288e+000 1.528453e+000 2.177480e+000 2.477813e+000 -2.122961e+000 2.394296e-001 3.769351e+000 5.388720e+000 -1.263757e+000 1.840110e+000 1.694290e-001 -1.708729e+000 -2.968516e-001 -2.387394e+000 1.116410e+000 2.528762e-001 -4.455650e-001 -1.165728e+000 -1.123904e+000 2.200912e+000
<VARIANCE> 25
 8.401682e+001 2.464601e+001 3.407077e+001 2.813256e+001 2.690428e+001 3.432978e+001 6.164905e+001 3.401410e+001 2.739555e+001 2.452614e+001 2.374818e+001 1.695188e+001 3.114270e+000 5.232149e+000 4.518963e+000 5.143461e+000 3.683112e+000 4.569587e+000 5.169255e+000 7.781960e+000 5.652208e+000 3.864151e+000 3.257461e+000 2.596460e+000 2.430639e+000
<GCONST> 1.059940e+002
<TRANSP> 5
 0.000000e+000 1.000000e+000 0.000000e+000 0.000000e+000 0.000000e+000
 0.000000e+000 8.409436e-001 1.590564e-001 0.000000e+000 0.000000e+000
 0.000000e+000 0.000000e+000 7.369351e-001 2.630649e-001 0.000000e+000
 0.000000e+000 0.000000e+000 0.000000e+000 6.002918e-001 3.997082e-001
 0.000000e+000 0.000000e+000 0.000000e+000 0.000000e+000 0.000000e+000
<ENDHMM>
~h "d"
<BEGINHMM>
<NUMSTATES> 5
<STATE> 2
<MEAN> 25
 4.066477e+000 4.011507e+000 4.502748e+000 6.016993e+000 4.837529e-001 -1.849499e+000 -9.876126e-001 -5.415431e-001 1.831509e+000 -1.635931e+000 -2.855327e+000 -3.892576e-001 4.483776e-001 1.013025e+000 6.244578e-001 8.358549e-001 5.883546e-001 -2.042609e-001 3.184833e-001 -1.574933e-001 2.854351e-001 -2.020088e-001 -3.434132e-001 -7.330438e-002 -1.105452e+000
<VARIANCE> 25
 5.351860e+001 4.281989e+001 4.698574e+001 3.410407e+001 3.855862e+001 3.677913e+001 5.277211e+001 5.742552e+001 3.784562e+001 3.403548e+001 3.337102e+001 2.731989e+001 2.443323e+000 3.132294e+000 2.626064e+000 2.758049e+000 3.268991e+000 2.665211e+000 3.579900e+000 4.407673e+000 3.130932e+000 2.807887e+000 2.804781e+000 2.100345e+000 5.416014e+000
<GCONST> 1.048882e+002
<STATE> 3
<MEAN> 25
 7.193161e+000 6.471812e+000 8.653692e+000 8.529202e+000 1.475893e+000 -2.974905e+000 -1.297142e+000 -1.062352e+000 2.183088e+000 -2.034495e+000 -3.738590e+000 -7.959928e-001 -1.947533e+000 -2.477802e+000 -5.094185e-002 -1.953961e+000 -4.976960e-001 -4.026987e-001 -6.875725e-001 9.395406e-001 -8.332783e-001 -5.606097e-002 1.608035e+000 1.245112e+000 3.737887e+000
<VARIANCE> 25
 2.619448e+001 3.146726e+001 2.994152e+001 2.778314e+001 3.131894e+001 3.625602e+001 4.342095e+001 4.531195e+001 3.394624e+001 3.435774e+001 2.907632e+001 2.629912e+001 1.989334e+000 2.854310e+000 3.700189e+000 3.109110e+000 4.903583e+000 4.058883e+000 5.356956e+000 7.225693e+000 5.417956e+000 3.867707e+000 3.139134e+000 2.763009e+000 4.041163e+000
<GCONST> 1.051310e+002
<STATE> 4
<MEAN> 25
 1.510607e+000 -3.053681e+000 6.693297e+000 1.003579e+000 -2.706034e+000 -4.777907e+000 -4.960261e+000 2.697344e+000 5.019100e-001 -1.275399e+000 1.389701e+000 3.070522e+000 -9.061987e-001 -2.480622e+000 -6.675917e-001 -2.331273e+000 -2.702902e+000 -3.240492e-001 -1.734530e+000 1.798112e+000 1.931469e-002 3.266725e-001 1.337014e+000 1.639091e-001 4.789931e+000
<VARIANCE> 25
 1.856512e+001 2.561025e+001 3.907251e+001 2.938276e+001 5.199228e+001 4.342184e+001 8.326427e+001 5.460051e+001 4.881927e+001 2.669109e+001 2.401926e+001 2.283226e+001 2.730338e+000 3.309222e+000 6.071465e+000 4.271044e+000 5.027186e+000 4.074114e+000 5.602913e+000 1.120535e+001 8.697063e+000 4.592354e+000 5.155646e+000 3.590421e+000 3.982933e+000
<GCONST> 1.093842e+002
<TRANSP> 5
 0.000000e+000 1.000000e+000 0.000000e+000 0.000000e+000 0.000000e+000
 0.000000e+000 8.049795e-001 1.950205e-001 0.000000e+000 0.000000e+000
 0.000000e+000 0.000000e+000 4.418974e-001 5.581027e-001 0.000000e+000
 0.000000e+000 0.000000e+000 0.000000e+000 3.523244e-001 6.476756e-001
 0.000000e+000 0.000000e+000 0.000000e+000 0.000000e+000 0.000000e+000
<ENDHMM>
~h "e"
<BEGINHMM>
<NUMSTATES> 5
<STATE> 2
<MEAN> 25
 2.473723e+000 -4.391184e+000 2.446865e+000 -3.054081e-001 -5.199687e+000 -4.982104e+000 -2.780236e+000 3.013262e+000 8.725638e-001 8.524086e-001 1.149760e+000 -9.194250e-001 8.766654e-001 -1.876235e+000 1.079341e+000 -9.564637e-001 -2.041759e+000 -6.213083e-001 -6.473883e-001 2.336948e+000 -1.622598e-001 -1.908154e-001 2.158685e-001 -3.509406e-001 2.772019e+000
<VARIANCE> 25
 3.582771e+001 4.615929e+001 4.762125e+001 4.104441e+001 4.894636e+001 4.763420e+001 6.278982e+001 6.837080e+001 5.342738e+001 3.846723e+001 3.999820e+001 2.936307e+001 4.568134e+000 4.004735e+000 4.125203e+000 4.798942e+000 5.573804e+000 5.146734e+000 6.327438e+000 8.002750e+000 6.759738e+000 4.880333e+000 4.834090e+000 3.164854e+000 8.184902e+000
<GCONST> 1.132509e+002
<STATE> 3
<MEAN> 25
 4.000619e+000 -7.985726e+000 5.705541e+000 -2.206307e+000 -1.054485e+001 -5.836978e+000 -3.310034e+000 8.204079e+000 -1.409627e-001 1.147460e-001 3.132186e+000 -1.215472e+000 -1.768813e-001 -1.423383e-001 5.622290e-001 -2.962621e-001 -8.227530e-001 -1.171805e-001 6.169143e-001 6.354071e-001 -4.116604e-001 3.093302e-002 3.837883e-001 3.438629e-003 1.791567e-001
<VARIANCE> 25
 1.261299e+001 3.278476e+001 4.139520e+001 3.641189e+001 4.723735e+001 4.481165e+001 5.860723e+001 7.109612e+001 5.921125e+001 3.971125e+001 5.032647e+001 3.213362e+001 1.091748e+000 1.966631e+000 2.102317e+000 2.296525e+000 3.234711e+000 2.810132e+000 3.635684e+000 3.891049e+000 3.626269e+000 2.778553e+000 2.627590e+000 2.104656e+000 4.542000e+000
<GCONST> 1.031623e+002
<STATE> 4
<MEAN> 25
 2.445589e+000 -6.706567e+000 7.086578e+000 -2.882499e+000 -1.120391e+001 -6.771201e+000 2.722389e-001 7.542432e+000 -1.865435e+000 6.507100e-001 3.264609e+000 -8.300376e-001 4.326542e-002 3.170151e-001 -2.472700e-001 2.500304e-001 5.172594e-001 9.334610e-002 7.209522e-002 -3.055764e-001 7.122311e-002 4.701352e-002 -3.114625e-001 -4.592402e-002 -5.097795e-001
<VARIANCE> 25
 1.165293e+001 3.402708e+001 4.402814e+001 3.095830e+001 4.234600e+001 4.457076e+001 5.156238e+001 6.211131e+001 5.073267e+001 3.597309e+001 3.873739e+001 2.592517e+001 5.026324e-001 9.784109e-001 1.118483e+000 1.278747e+000 1.751328e+000 1.448566e+000 1.953900e+000 1.890131e+000 1.754972e+000 1.493132e+000 1.478993e+000 1.165431e+000 1.512612e+000
<GCONST> 9.299033e+001
<TRANSP> 5
 0.000000e+000 1.000000e+000 0.000000e+000 0.000000e+000 0.000000e+000
 0.000000e+000 5.345358e-001 4.654642e-001 0.000000e+000 0.000000e+000
 0.000000e+000 0.000000e+000 5.541678e-001 4.458323e-001 0.000000e+000
 0.000000e+000 0.000000e+000 0.000000e+000 8.340806e-001 1.659194e-001
 0.000000e+000 0.000000e+000 0.000000e+000 0.000000e+000 0.000000e+000
<ENDHMM>
~h "f"
<BEGINHMM>
<NUMSTATES> 5
<STATE> 2
<MEAN> 25
 -1.418176e+000 1.909680e+000 -4.060944e-001 3.628430e+000 2.329485e+000 7.826275e-001 2.594711e+000 -5.136195e-001 7.903314e-001 2.775933e-001 6.299986e-001 1.243337e+000 -3.361091e+000 5.860505e-002 -7.140092e-001 1.502399e+000 8.389921e-001 -6.970017e-001 6.813446e-001 3.082992e-001 9.559847e-001 -1.185896e-001 4.318138e-002 4.905224e-001 -1.438115e+000
<VARIANCE> 25
 4.800202e+001 2.483614e+001 3.437220e+001 4.410952e+001 3.341435e+001 5.161052e+001 3.447392e+001 3.870461e+001 3.320453e+001 2.589957e+001 2.343876e+001 2.174969e+001 3.085184e+000 4.251079e+000 3.392015e+000 5.143566e+000 4.974420e+000 5.892546e+000 5.100882e+000 4.554137e+000 3.917762e+000 3.305305e+000 2.790286e+000 2.489857e+000 2.352767e+000
<GCONST> 1.053056e+002
<STATE> 3
<MEAN> 25
 -9.867896e+000 -1.336973e+000 -3.803705e+000 3.958088e+000 2.425536e+000 -5.897648e-001 2.157397e+000 4.469217e-001 2.170754e+000 -8.011989e-002 1.001170e+000 2.779958e+000 -3.360974e-001 -2.684736e-001 -1.917214e-001 -2.947145e-002 2.528379e-002 7.861381e-003 2.629728e-002 4.682023e-002 2.538548e-002 2.034008e-002 4.681383e-002 3.996953e-002 -1.832613e-001
<VARIANCE> 25
 2.939680e+001 2.184984e+001 1.776773e+001 1.742431e+001 2.187614e+001 2.509160e+001 2.593052e+001 2.333365e+001 2.371333e+001 2.152804e+001 1.659332e+001 1.535127e+001 1.330131e+000 1.042505e+000 1.193911e+000 1.171287e+000 1.292590e+000 1.479458e+000 1.526662e+000 1.547945e+000 1.543017e+000 1.535897e+000 1.358928e+000 1.259733e+000 9.849297e-001
<GCONST> 8.619194e+001
<STATE> 4
<MEAN> 25
 -8.734232e+000 -2.107760e+000 -4.338428e+000 3.190454e+000 3.057491e+000 -3.242653e-001 2.706828e+000 3.196654e-001 2.009391e+000 3.958583e-001 1.279296e+000 2.113678e+000 2.869894e+000 5.108243e-001 3.754076e-001 -1.056542e+000 -5.748125e-001 4.877121e-001 -4.424943e-001 -2.877555e-001 -5.388995e-001 -2.007778e-001 -7.761070e-002 -6.699991e-001 1.056810e+000
<VARIANCE> 25
 4.522192e+001 2.578767e+001 2.805558e+001 3.108498e+001 3.083748e+001 3.518370e+001 2.708366e+001 3.011669e+001 2.667080e+001 2.212485e+001 1.932223e+001 1.754395e+001 7.376163e+000 3.623562e+000 3.708989e+000 5.643612e+000 3.645317e+000 4.723479e+000 3.631190e+000 3.330854e+000 3.140989e+000 2.684463e+000 2.354915e+000 2.274032e+000 5.595534e+000
<GCONST> 1.028767e+002
<TRANSP> 5
 0.000000e+000 1.000000e+000 0.000000e+000 0.000000e+000 0.000000e+000
 0.000000e+000 6.976772e-001 3.023229e-001 0.000000e+000 0.000000e+000
 0.000000e+000 0.000000e+000 8.941393e-001 1.058607e-001 0.000000e+000
 0.000000e+000 0.000000e+000 0.000000e+000 6.855108e-001 3.144892e-001
 0.000000e+000 0.000000e+000 0.000000e+000 0.000000e+000 0.000000e+000
<ENDHMM>
~h "g"
<BEGINHMM>
<NUMSTATES> 5
<STATE> 2
<MEAN> 25
 7.627033e+000 5.065234e+000 6.644977e+000 4.235292e+000 -1.790099e+000 -3.816546e+000 -1.090764e+000 -1.498980e+000 -3.835700e+000 2.378716e+000 9.812767e-003 -2.534745e+000 3.777727e-001 1.561926e+000 7.013929e-001 1.232707e+000 4.696130e-001 -4.139607e-001 9.967859e-001 -5.757275e-001 3.753550e-002 -4.172895e-001 -2.080739e-001 1.389964e-001 -2.206102e+000
<VARIANCE> 25
 1.950572e+001 4.605027e+001 4.018489e+001 3.650893e+001 5.127247e+001 5.277776e+001 5.385255e+001 5.500858e+001 4.877065e+001 3.982476e+001 3.493998e+001 2.800596e+001 1.962031e+000 2.383987e+000 3.272182e+000 2.955723e+000 4.020621e+000 3.775247e+000 3.772553e+000 4.155980e+000 5.046706e+000 3.139067e+000 2.709548e+000 2.475178e+000 4.536582e+000
<GCONST> 1.058552e+002
<STATE> 3
<MEAN> 25
 3.546332e+000 5.742543e+000 4.802018e+000 6.944967e+000 2.092274e+000 -3.740464e+000 1.847013e+000 -2.245010e+000 -2.383054e+000 1.204952e+000 -1.207522e+000 3.519634e-001 -2.226205e+000 -2.180388e+000 -1.962883e+000 -6.559120e-001 1.460391e+000 -6.799595e-001 -6.991295e-001 9.169742e-001 6.846620e-002 9.969407e-002 4.470227e-002 1.258351e+000 3.097066e+000
<VARIANCE> 25
 3.906010e+001 5.173862e+001 6.059752e+001 2.956872e+001 6.105381e+001 4.734435e+001 3.949958e+001 3.691546e+001 3.958815e+001 2.955106e+001 2.458114e+001 2.649454e+001 2.157822e+000 3.732260e+000 5.657533e+000 4.000680e+000 6.571199e+000 5.055147e+000 4.291080e+000 4.980169e+000 4.673393e+000 3.430198e+000 3.389784e+000 2.917314e+000 5.251503e+000
<GCONST> 1.083420e+002
<STATE> 4
<MEAN> 25
 2.147181e-001 -3.970099e-001 1.308720e+000 1.904735e+000 -6.940066e-001 -6.930548e+000 -2.468786e+000 1.460283e+000 -2.342797e+000 2.487100e+000 1.658795e+000 2.047683e+000 3.134086e-001 -9.761319e-001 3.330704e-001 -2.007571e+000 -2.422812e+000 -5.462077e-002 -1.295076e+000 1.383551e+000 3.630976e-001 2.713033e-001 9.996728e-001 -6.165698e-001 2.678062e+000
<VARIANCE> 25
 2.510641e+001 3.058453e+001 7.039584e+001 3.109980e+001 8.233450e+001 5.641798e+001 5.537702e+001 4.686335e+001 4.171173e+001 3.223000e+001 3.298768e+001 2.257968e+001 2.706290e+000 3.423361e+000 5.711354e+000 3.672961e+000 7.050172e+000 4.303049e+000 4.343591e+000 6.317574e+000 6.376719e+000 3.893334e+000 4.191412e+000 3.258222e+000 3.798264e+000
<GCONST> 1.095585e+002
<TRANSP> 5
 0.000000e+000 1.000000e+000 0.000000e+000 0.000000e+000 0.000000e+000
 0.000000e+000 7.352092e-001 2.647908e-001 0.000000e+000 0.000000e+000
 0.000000e+000 0.000000e+000 5.921114e-001 4.078886e-001 0.000000e+000
 0.000000e+000 0.000000e+000 0.000000e+000 5.379978e-001 4.620022e-001
 0.000000e+000 0.000000e+000 0.000000e+000 0.000000e+000 0.000000e+000
<ENDHMM>
~h "h"
<BEGINHMM>
<NUMSTATES> 5
<STATE> 2
<MEAN> 25
 2.198363e+000 -2.107761e+000 -1.758496e+000 4.983326e-001 5.655355e+000 4.401054e+000 3.411874e+000 2.836936e+000 9.527404e-001 -2.160700e-001 -2.763544e+000 1.758020e-001 -1.110424e+000 3.930213e-001 5.674914e-003 1.642752e+000 2.042379e+000 4.998960e-001 1.705957e+000 1.108190e-001 5.617954e-001 -3.946695e-001 -5.375420e-002 8.860343e-001 -1.291002e+000
<VARIANCE> 25
 1.678448e+001 3.285638e+001 4.313460e+001 4.066019e+001 5.148959e+001 5.987273e+001 4.898531e+001 5.055822e+001 3.944362e+001 3.941312e+001 4.415785e+001 3.949002e+001 1.530678e+000 3.168408e+000 3.088595e+000 3.502873e+000 3.544645e+000 3.633379e+000 4.559009e+000 4.181600e+000 3.593434e+000 3.119704e+000 3.334955e+000 3.155061e+000 1.946370e+000
<GCONST> 1.052901e+002
<STATE> 3
<MEAN> 25
 -1.675424e+000 -3.806636e+000 -2.716449e+000 2.717847e+000 8.747288e+000 4.159412e+000 6.234367e+000 3.618759e+000 2.504804e+000 -1.050593e+000 -2.491700e+000 1.431223e+000 -5.226017e-001 -1.411428e-001 -3.154616e-001 -7.915596e-002 -1.570297e-001 -3.150957e-001 -4.167755e-002 -1.699241e-001 2.791570e-002 -5.949238e-002 1.985246e-001 1.013689e-001 -1.097845e+000
<VARIANCE> 25
 2.263829e+001 3.252685e+001 3.680727e+001 3.837450e+001 5.341397e+001 4.966191e+001 5.340404e+001 4.584504e+001 3.924719e+001 3.842660e+001 3.451102e+001 3.322663e+001 1.699315e+000 2.530465e+000 2.559022e+000 2.566268e+000 3.029909e+000 3.090353e+000 3.205209e+000 3.321803e+000 2.818662e+000 2.585196e+000 2.569215e+000 2.160348e+000 3.156326e+000
<GCONST> 1.026436e+002
<STATE> 4
<MEAN> 25
 -3.470710e+000 -3.526132e+000 -4.871862e+000 1.377441e+000 5.105405e+000 2.537238e+000 3.254825e+000 1.236710e+000 1.719265e+000 -1.743963e+000 -7.365671e-001 1.381137e+000 1.668130e-001 2.217258e-001 5.931322e-002 -7.134792e-002 -2.748811e-001 -4.147070e-002 -1.071221e-001 -1.409263e-001 -9.175751e-002 4.847859e-002 9.923508e-003 -1.091841e-001 -1.179495e-001
<VARIANCE> 25
 2.132204e+001 4.711391e+001 3.061132e+001 2.532434e+001 3.996188e+001 3.526236e+001 3.550091e+001 2.899652e+001 2.857690e+001 2.615958e+001 2.340161e+001 2.193249e+001 1.311412e+000 1.708406e+000 1.456953e+000 1.433949e+000 1.773142e+000 1.828679e+000 1.988586e+000 1.898163e+000 1.868023e+000 1.816635e+000 1.670329e+000 1.579631e+000 1.782344e+000
<GCONST> 9.337553e+001
<TRANSP> 5
 0.000000e+000 1.000000e+000 0.000000e+000 0.000000e+000 0.000000e+000
 0.000000e+000 4.952041e-001 5.047960e-001 0.000000e+000 0.000000e+000
 0.000000e+000 0.000000e+000 6.276051e-001 3.723949e-001 0.000000e+000
 0.000000e+000 0.000000e+000 0.000000e+000 8.249962e-001 1.750039e-001
 0.000000e+000 0.000000e+000 0.000000e+000 0.000000e+000 0.000000e+000
<ENDHMM>
~h "i"
<BEGINHMM>
<NUMSTATES> 5
<STATE> 2
<MEAN> 25
 -5.106575e-001 1.485434e+000 1.248064e+001 2.571228e+000 -7.784347e+000 -5.630487e+000 -2.836809e+000 -2.507974e+000 -6.689391e+000 -2.082767e+000 3.072264e+000 9.814360e-001 7.508712e-001 -7.874883e-002 3.053123e+000 -5.126667e-001 -2.893615e+000 1.990284e-001 -1.681156e+000 -2.972231e-001 -2.065314e+000 -2.076175e-001 1.130735e+000 -3.255940e-001 1.859056e+000
<VARIANCE> 25
 2.894270e+001 3.337551e+001 4.963968e+001 3.624377e+001 4.624718e+001 4.082402e+001 5.146701e+001 5.174788e+001 4.671763e+001 3.327047e+001 2.883414e+001 2.688540e+001 5.613332e+000 3.051883e+000 4.875989e+000 4.819290e+000 4.381251e+000 4.933474e+000 6.056490e+000 6.201626e+000 6.248818e+000 4.812655e+000 3.167334e+000 3.476747e+000 4.210710e+000
<GCONST> 1.096851e+002
<STATE> 3
<MEAN> 25
 2.495071e-001 2.049973e+000 1.839815e+001 -5.324915e-001 -1.309698e+001 -2.331901e+000 -6.719542e+000 -3.679823e+000 -1.000148e+001 -1.371311e+000 4.904343e+000 -2.826556e-001 7.362790e-002 1.928041e-002 5.128680e-002 -1.832050e-001 -2.573151e-001 1.185801e-001 -6.842536e-002 3.404509e-002 -2.132955e-002 1.922560e-001 7.739110e-002 -3.672798e-002 2.304114e-002
<VARIANCE> 25
 1.117541e+001 2.441956e+001 3.330448e+001 4.157005e+001 2.542530e+001 4.024573e+001 2.859855e+001 5.228846e+001 4.311303e+001 4.605286e+001 2.966408e+001 3.300253e+001 5.124800e-001 1.108695e+000 1.453943e+000 1.300983e+000 1.554387e+000 1.851084e+000 1.673057e+000 2.172540e+000 1.665276e+000 1.488978e+000 1.213101e+000 1.109418e+000 7.537302e-001
<GCONST> 9.085197e+001
<STATE> 4
<MEAN> 25
 1.049002e+000 3.222240e+000 1.332063e+001 1.799498e+000 -8.947852e+000 -4.367391e+000 -2.289753e+000 -2.756722e+000 -6.276992e+000 -7.069076e-001 3.166038e+000 6.116160e-001 2.348729e-001 4.185714e-001 -1.698968e+000 6.571096e-001 1.601290e+000 -2.096683e-001 1.010466e+000 2.123308e-001 1.232721e+000 -1.154855e-003 -7.081965e-001 1.652944e-001 -1.926343e+000
<VARIANCE> 25
 1.694719e+001 3.229720e+001 4.066029e+001 3.575401e+001 4.445529e+001 5.224818e+001 4.405954e+001 5.120762e+001 4.373407e+001 3.887852e+001 3.202036e+001 2.971353e+001 1.903496e+000 2.501931e+000 2.450375e+000 2.715734e+000 3.358220e+000 3.403910e+000 3.849532e+000 4.295733e+000 3.954203e+000 3.113841e+000 2.581026e+000 2.247934e+000 3.898812e+000
<GCONST> 1.036299e+002
<TRANSP> 5
 0.000000e+000 1.000000e+000 0.000000e+000 0.000000e+000 0.000000e+000
 0.000000e+000 6.276983e-001 3.723017e-001 0.000000e+000 0.000000e+000
 0.000000e+000 0.000000e+000 7.862129e-001 2.137871e-001 0.000000e+000
 0.000000e+000 0.000000e+000 0.000000e+000 7.555111e-001 2.444889e-001
 0.000000e+000 0.000000e+000 0.000000e+000 0.000000e+000 0.000000e+000
<ENDHMM>
~h "j"
<BEGINHMM>
<NUMSTATES> 5
<STATE> 2
<MEAN> 25
 2.686150e+000 7.290045e+000 7.381387e+000 5.556520e+000 -1.107483e+000 -3.115596e+000 6.526648e-001 7.585485e-001 -7.292869e-001 -3.135927e+000 2.301463e-001 1.674992e+000 -2.581612e-001 1.210707e+000 2.546853e-001 3.385190e-001 7.430917e-001 1.030175e-001 8.813211e-001 -1.013008e-002 4.541745e-001 -3.731099e-002 -1.472692e-001 -2.509688e-002 -1.243645e+000
<VARIANCE> 25
 3.792249e+001 4.167139e+001 4.983151e+001 2.544096e+001 3.571542e+001 4.505743e+001 4.475305e+001 3.725575e+001 3.939685e+001 2.858925e+001 2.425608e+001 2.159948e+001 4.041075e+000 2.972347e+000 2.853796e+000 2.567755e+000 3.156950e+000 2.885382e+000 3.594017e+000 3.434966e+000 3.513135e+000 2.701035e+000 2.247463e+000 2.081796e+000 5.489747e+000
<GCONST> 1.032440e+002
<STATE> 3
<MEAN> 25
 -7.447220e+000 8.831519e+000 6.796290e+000 3.825317e+000 2.615108e+000 -3.280732e+000 2.433086e+000 -1.387076e+000 -6.793833e-001 -1.964131e+000 1.642606e+000 3.573623e+000 -1.274035e+000 -1.411507e+000 4.126437e-001 -6.584204e-001 -1.348318e+000 -9.747922e-001 -1.187867e+000 -3.549027e-001 -5.726517e-001 -1.639724e-001 7.788956e-001 8.926500e-001 3.508714e+000
<VARIANCE> 25
 4.898215e+001 3.905704e+001 4.460786e+001 2.615046e+001 3.765665e+001 4.658805e+001 3.602514e+001 2.732192e+001 2.437184e+001 2.183974e+001 1.860467e+001 1.737763e+001 1.189877e+001 3.411662e+000 5.040961e+000 3.727527e+000 8.083659e+000 4.119903e+000 4.211473e+000 4.256744e+000 3.743341e+000 2.539167e+000 2.126030e+000 2.157748e+000 2.842606e+000
<GCONST> 1.048315e+002
<STATE> 4
<MEAN> 25
 5.881037e-001 -5.933801e-001 1.031340e+001 3.126228e-001 -9.808353e+000 -8.463443e+000 -6.321514e+000 2.930515e+000 -1.027963e+000 -2.619786e+000 4.685990e+000 4.950823e+000 2.348036e+000 -2.880880e+000 -1.135885e+000 -1.387973e+000 -1.573968e+000 3.988233e-001 -1.560946e+000 2.344916e+000 1.164856e+000 7.893943e-001 -3.114554e-001 -1.310950e+000 1.480050e+000
<VARIANCE> 25
 1.201719e+001 2.806833e+001 2.664383e+001 3.556491e+001 2.447450e+001 2.023831e+001 3.313339e+001 5.495184e+001 4.806303e+001 2.305766e+001 2.003381e+001 1.882336e+001 2.530981e+000 2.628642e+000 4.816699e+000 2.296356e+000 5.988870e+000 3.419542e+000 6.185262e+000 6.420494e+000 5.453942e+000 2.929728e+000 3.700810e+000 2.508518e+000 1.151337e+000
<GCONST> 1.014170e+002
<TRANSP> 5
 0.000000e+000 1.000000e+000 0.000000e+000 0.000000e+000 0.000000e+000
 0.000000e+000 8.401150e-001 1.598850e-001 0.000000e+000 0.000000e+000
 0.000000e+000 0.000000e+000 7.689521e-001 2.310479e-001 0.000000e+000
 0.000000e+000 0.000000e+000 0.000000e+000 6.042701e-001 3.957299e-001
 0.000000e+000 0.000000e+000 0.000000e+000 0.000000e+000 0.000000e+000
<ENDHMM>
~h "k"
<BEGINHMM>
<NUMSTATES> 5
<STATE> 2
<MEAN> 25
 -1.787925e+000 2.726290e+000 -1.823700e+000 2.003217e+000 1.615007e+000 -1.752234e+000 2.440803e+000 -3.555012e-001 6.269590e-001 4.925907e-003 -5.074402e-001 1.119021e+000 -7.492913e-001 -5.280492e-002 -4.534855e-001 2.569930e-001 2.446189e-001 -7.917459e-002 2.402515e-001 2.035921e-002 2.664638e-001 -1.484951e-001 2.755160e-003 3.251928e-001 -1.092451e+000
<VARIANCE> 25
 2.666230e+001 2.785256e+001 2.953054e+001 2.809710e+001 3.547371e+001 3.898743e+001 3.387498e+001 3.779174e+001 3.490527e+001 2.997321e+001 2.543682e+001 2.348234e+001 1.779933e+000 2.524107e+000 2.406260e+000 2.319608e+000 3.050208e+000 2.921966e+000 2.807381e+000 2.768852e+000 2.961880e+000 2.496026e+000 2.105079e+000 1.883719e+000 5.401438e+000
<GCONST> 9.953526e+001
<STATE> 3
<MEAN> 25
 -4.964080e+000 -2.127022e+000 -6.300688e+000 1.251471e+000 4.442525e+000 -4.061792e+000 1.322806e+000 2.013006e-001 7.615669e-001 1.632859e+000 -9.488650e-001 2.806705e+000 -8.912498e-001 -2.248218e+000 -2.260409e+000 -9.149226e-001 1.458711e+000 -9.126967e-001 -9.899948e-001 8.043804e-001 -8.645937e-002 9.021482e-001 -5.132960e-001 3.185100e-001 4.716495e+000
<VARIANCE> 25
 2.561098e+001 5.778639e+001 6.085762e+001 4.414378e+001 5.314186e+001 4.970712e+001 4.471315e+001 4.080552e+001 3.779892e+001 3.189810e+001 2.497840e+001 2.550971e+001 3.601425e+000 4.600185e+000 5.995373e+000 5.378520e+000 5.894366e+000 5.415933e+000 4.908597e+000 4.732676e+000 4.459011e+000 3.623119e+000 3.606837e+000 3.224309e+000 8.094021e+000
<GCONST> 1.102994e+002
<STATE> 4
<MEAN> 25
 -3.539384e+000 -2.736459e+000 -7.858065e+000 -2.281550e+000 4.624122e+000 -4.817142e+000 -5.765893e-001 1.954930e+000 4.248170e-001 3.057882e+000 -2.086416e+000 6.922183e-001 1.981273e+000 5.928886e-001 1.625185e+000 -9.384406e-001 -1.695869e+000 6.290301e-001 -4.064139e-001 4.408739e-001 -3.339534e-001 -3.467225e-001 2.791637e-001 -1.438512e+000 2.753410e+000
<VARIANCE> 25
 3.777236e+001 3.603097e+001 6.189485e+001 5.064147e+001 5.465504e+001 6.097675e+001 4.750483e+001 4.514167e+001 4.280778e+001 3.245509e+001 3.158786e+001 3.478307e+001 4.327281e+000 4.637479e+000 5.064050e+000 5.660274e+000 5.356213e+000 5.396350e+000 5.011626e+000 5.438289e+000 4.752489e+000 3.526233e+000 3.817970e+000 3.849634e+000 7.004287e+000
<GCONST> 1.117108e+002
<TRANSP> 5
 0.000000e+000 1.000000e+000 0.000000e+000 0.000000e+000 0.000000e+000
 0.000000e+000 7.996057e-001 2.003943e-001 0.000000e+000 0.000000e+000
 0.000000e+000 0.000000e+000 5.804421e-001 4.195579e-001 0.000000e+000
 0.000000e+000 0.000000e+000 0.000000e+000 5.430952e-001 4.569047e-001
 0.000000e+000 0.000000e+000 0.000000e+000 0.000000e+000 0.000000e+000
<ENDHMM>
~h "l"
<BEGINHMM>
<NUMSTATES> 5
<STATE> 2
<MEAN> 25
 6.351500e+000 -4.641155e+000 1.107134e+000 -5.611362e+000 -2.179881e+000 1.616162e+000 -8.268504e+000 -3.961336e+000 3.094893e+000 4.310314e+000 1.100296e+000 -2.519336e+000 5.652435e-001 2.094145e-001 6.997627e-001 -5.803518e-001 7.958888e-001 -3.643922e-002 -1.439741e+000 -1.508185e+000 7.280763e-003 1.139752e+000 3.603932e-001 -2.720216e-001 -4.273995e-001
<VARIANCE> 25
 1.491786e+001 2.462919e+001 4.704834e+001 6.135450e+001 5.000316e+001 6.355765e+001 6.667559e+001 9.557820e+001 5.365992e+001 4.551346e+001 4.345574e+001 3.844137e+001 1.038971e+000 1.863481e+000 2.739225e+000 4.634129e+000 5.103365e+000 5.764880e+000 4.789050e+000 5.625065e+000 4.438076e+000 3.896206e+000 4.275638e+000 3.181080e+000 1.219339e+000
<GCONST> 1.074024e+002
<STATE> 3
<MEAN> 25
 7.546520e+000 -3.988741e+000 2.296225e+000 -8.235674e+000 -1.126415e+000 3.383988e+000 -1.068342e+001 -6.285273e+000 2.379908e+000 6.443524e+000 2.676617e+000 -3.321874e+000 -2.819494e-002 2.045498e-001 3.075873e-002 -1.846710e-001 3.135875e-001 -2.334565e-002 -2.429190e-001 -2.345704e-002 -7.873973e-002 -2.054536e-002 5.956235e-002 5.398848e-002 -1.430133e-001
<VARIANCE> 25
 1.047489e+001 2.007954e+001 4.120375e+001 6.673888e+001 4.718034e+001 5.190171e+001 6.397665e+001 7.252704e+001 5.116392e+001 4.450494e+001 3.988591e+001 3.579294e+001 3.837324e-001 9.222526e-001 1.799910e+000 2.452567e+000 1.688977e+000 2.410086e+000 2.396491e+000 3.260714e+000 2.381536e+000 2.217040e+000 2.133625e+000 1.625185e+000 6.474493e-001
<GCONST> 9.683364e+001
<STATE> 4
<MEAN> 25
 5.380756e+000 -2.087948e+000 4.981753e-001 -6.042795e+000 9.126275e-001 1.831228e+000 -7.448134e+000 -3.965503e+000 1.902124e+000 3.802200e+000 8.284875e-001 -2.010868e+000 -5.349917e-001 -1.404413e-001 -5.198595e-001 7.243525e-001 -1.988834e-001 -1.331651e-001 1.148125e+000 1.151240e+000 1.884923e-001 -8.584356e-001 -7.427033e-001 1.116866e-001 -1.423074e-001
<VARIANCE> 25
 2.188454e+001 3.157793e+001 6.117064e+001 7.338634e+001 5.596191e+001 5.562466e+001 8.570829e+001 7.326398e+001 5.386930e+001 5.393951e+001 4.626638e+001 3.872750e+001 9.869990e-001 2.704937e+000 2.985164e+000 4.447494e+000 3.979199e+000 4.644859e+000 4.552109e+000 5.912261e+000 4.343050e+000 3.885631e+000 4.196640e+000 2.965708e+000 3.405695e+000
<GCONST> 1.094984e+002
<TRANSP> 5
 0.000000e+000 1.000000e+000 0.000000e+000 0.000000e+000 0.000000e+000
 0.000000e+000 4.449372e-001 5.550628e-001 0.000000e+000 0.000000e+000
 0.000000e+000 0.000000e+000 6.197392e-001 3.802608e-001 0.000000e+000
 0.000000e+000 0.000000e+000 0.000000e+000 5.270469e-001 4.729531e-001
 0.000000e+000 0.000000e+000 0.000000e+000 0.000000e+000 0.000000e+000
<ENDHMM>
~h "m"
<BEGINHMM>
<NUMSTATES> 5
<STATE> 2
<MEAN> 25
 7.567582e+000 -9.189705e-001 1.606695e+000 -2.734411e-001 -8.916140e-001 4.591912e+000 -4.048852e-001 -6.249330e+000 -6.284919e+000 8.439173e-001 6.826041e-001 -2.091132e+000 4.626670e-001 1.222451e+000 1.790583e+000 2.123267e+000 2.819457e-001 1.478112e-002 1.038017e+000 -2.961513e+000 -2.861610e+000 -7.555220e-002 -5.946080e-001 8.297840e-001 -8.500435e-001
<VARIANCE> 25
 2.223208e+001 3.554965e+001 3.398688e+001 6.105766e+001 3.582969e+001 4.821424e+001 5.634411e+001 6.278492e+001 5.426078e+001 3.693325e+001 4.162268e+001 3.796978e+001 1.942512e+000 2.303525e+000 3.169425e+000 3.794008e+000 3.176971e+000 3.567936e+000 5.323289e+000 4.652412e+000 5.281896e+000 3.903416e+000 5.540406e+000 3.983858e+000 4.225852e+000
<GCONST> 1.080356e+002
<STATE> 3
<MEAN> 25
 7.789536e+000 7.385409e-001 6.546776e+000 3.418612e+000 -6.098665e-001 5.039513e+000 -3.748937e-002 -1.136589e+001 -1.198821e+001 4.084950e-001 -1.414517e+000 1.364285e-001 -4.582635e-002 1.712026e-001 2.425637e-001 2.111005e-001 9.245141e-002 1.106902e-001 2.356501e-001 -2.775401e-001 -3.450694e-001 -1.916983e-001 -2.481056e-001 2.166531e-001 -8.113210e-002
<VARIANCE> 25
 8.303800e+000 2.056096e+001 2.142066e+001 3.643745e+001 3.446586e+001 5.305304e+001 6.365327e+001 4.348722e+001 3.714927e+001 4.812562e+001 4.654974e+001 3.962508e+001 3.925980e-001 9.113202e-001 9.052663e-001 1.351758e+000 1.345332e+000 1.423083e+000 1.543905e+000 1.712558e+000 2.004052e+000 1.609715e+000 1.897712e+000 1.341015e+000 1.102427e+000
<GCONST> 9.119154e+001
<STATE> 4
<MEAN> 25
 6.050914e+000 1.484643e+000 3.867043e+000 2.205836e+000 -7.196258e-001 4.356457e+000 2.029678e+000 -8.756723e+000 -8.644797e+000 -1.104746e+000 -1.797328e+000 3.273870e-002 -5.035600e-002 -3.404410e-001 -1.257597e+000 -1.236304e+000 -3.083652e-001 -1.341610e-002 -3.342108e-001 1.568502e+000 1.576827e+000 1.610900e-001 6.704140e-001 -6.319779e-001 5.516391e-001
<VARIANCE> 25
 2.336985e+001 2.258195e+001 3.437342e+001 3.965669e+001 4.058620e+001 4.342456e+001 5.405906e+001 5.392121e+001 5.873628e+001 3.537249e+001 4.378795e+001 3.420124e+001 6.704300e-001 1.874011e+000 2.834699e+000 3.868956e+000 2.215965e+000 2.624814e+000 3.384287e+000 3.628918e+000 4.368600e+000 2.781277e+000 3.446795e+000 2.855178e+000 2.737826e+000
<GCONST> 1.025188e+002
<TRANSP> 5
 0.000000e+000 1.000000e+000 0.000000e+000 0.000000e+000 0.000000e+000
 0.000000e+000 6.007410e-001 3.992590e-001 0.000000e+000 0.000000e+000
 0.000000e+000 0.000000e+000 7.406870e-001 2.593130e-001 0.000000e+000
 0.000000e+000 0.000000e+000 0.000000e+000 6.188872e-001 3.811128e-001
 0.000000e+000 0.000000e+000 0.000000e+000 0.000000e+000 0.000000e+000
<ENDHMM>
~h "n"
<BEGINHMM>
<NUMSTATES> 5
<STATE> 2
<MEAN> 25
 6.987710e+000 -3.725459e+000 3.737583e+000 1.358259e+000 -2.712568e+000 -1.855170e+000 -4.393719e+000 -7.962081e-001 2.116144e-003 1.888260e+000 -4.984053e+000 -3.231831e+000 5.888359e-001 2.178177e+000 1.908237e+000 2.285132e+000 -5.224264e-001 -8.159229e-001 6.097471e-001 -4.234881e+000 -7.122145e-001 1.004111e+000 -6.322095e-001 9.485004e-001 -2.137252e+000
<VARIANCE> 25
 8.488448e+000 3.210897e+001 3.393048e+001 3.931571e+001 3.796704e+001 4.135623e+001 4.624757e+001 1.085850e+002 4.531106e+001 4.275433e+001 3.367023e+001 3.139374e+001 6.022447e-001 1.664523e+000 3.338403e+000 2.296904e+000 3.071744e+000 4.430642e+000 5.410089e+000 5.491426e+000 5.659111e+000 4.966137e+000 4.798625e+000 2.712715e+000 7.865523e-001
<GCONST> 1.028673e+002
<STATE> 3
<MEAN> 25
 7.945512e+000 8.944103e-001 8.372828e+000 5.051910e+000 -4.417235e+000 -2.173287e+000 -2.666811e+000 -9.753499e+000 -2.683853e+000 3.768441e+000 -5.375883e+000 -3.046896e-001 7.364146e-002 6.314255e-001 1.379848e-001 3.565727e-001 -1.314953e-004 1.479481e-001 3.507003e-001 -5.757830e-001 -3.716885e-001 4.304249e-002 1.084530e-002 3.510444e-001 -6.444222e-001
<VARIANCE> 25
 7.739361e+000 1.539439e+001 1.969092e+001 2.763560e+001 3.214272e+001 4.231038e+001 5.366808e+001 4.694461e+001 4.130174e+001 4.333094e+001 3.859107e+001 3.172465e+001 3.028185e-001 9.029574e-001 1.092522e+000 1.018339e+000 1.274631e+000 1.434482e+000 1.761619e+000 2.442493e+000 1.808096e+000 1.660358e+000 1.640988e+000 1.351057e+000 6.015178e-001
<GCONST> 8.893327e+001
<STATE> 4
<MEAN> 25
 3.690284e+000 3.602258e+000 4.659281e+000 5.890465e+000 -2.122682e-001 -1.165249e+000 8.662605e-001 -6.190973e+000 -2.261998e+000 9.869459e-001 -4.258646e+000 7.907588e-001 -7.315024e-001 1.972442e-001 -6.008577e-001 -1.789924e-001 7.529169e-001 1.604646e-001 1.928345e-001 9.444122e-001 1.873064e-001 -5.717108e-001 4.316352e-001 -1.195832e-001 -9.824761e-001
<VARIANCE> 25
 3.497515e+001 2.640492e+001 3.525782e+001 2.826182e+001 4.699181e+001 3.231211e+001 5.262705e+001 6.557080e+001 4.853844e+001 4.628233e+001 4.268306e+001 2.975219e+001 1.428360e+000 2.340677e+000 2.069132e+000 2.371316e+000 3.090025e+000 2.769957e+000 3.722892e+000 4.129805e+000 3.334987e+000 3.019569e+000 2.621870e+000 2.213599e+000 3.718148e+000
<GCONST> 1.030735e+002
<TRANSP> 5
 0.000000e+000 1.000000e+000 0.000000e+000 0.000000e+000 0.000000e+000
 0.000000e+000 6.168864e-001 3.831135e-001 0.000000e+000 0.000000e+000
 0.000000e+000 0.000000e+000 7.435271e-001 2.564730e-001 0.000000e+000
 0.000000e+000 0.000000e+000 0.000000e+000 7.226860e-001 2.773140e-001
 0.000000e+000 0.000000e+000 0.000000e+000 0.000000e+000 0.000000e+000
<ENDHMM>
~h "o"
<BEGINHMM>
<NUMSTATES> 5
<STATE> 2
<MEAN> 25
 6.020956e+000 4.400292e-001 -4.966436e+000 -8.911922e+000 -3.122981e+000 5.497024e+000 -4.005784e+000 -2.301904e+000 3.046384e-001 1.509208e+000 3.475548e+000 -1.894896e-001 1.820845e+000 -3.787102e-001 -4.744166e-001 -3.088271e+000 -1.407341e+000 2.509837e+000 -7.797686e-001 1.089831e-001 1.129636e-001 1.494230e-001 1.171479e+000 -4.547495e-001 2.054173e+000
<VARIANCE> 25
 2.620549e+001 3.179391e+001 3.940467e+001 7.872330e+001 4.834546e+001 5.187538e+001 7.082306e+001 5.198803e+001 5.269725e+001 5.050969e+001 3.739361e+001 2.873026e+001 4.212936e+000 2.914001e+000 5.371185e+000 6.062557e+000 6.639427e+000 5.085248e+000 5.405432e+000 6.710038e+000 5.177327e+000 5.167691e+000 4.069091e+000 3.526471e+000 4.513261e+000
<GCONST> 1.121753e+002
<STATE> 3
<MEAN> 25
 8.384007e+000 -9.277280e-001 -5.601905e+000 -1.587072e+001 -5.213892e+000 1.213399e+001 -4.777720e+000 -1.489134e+000 2.041768e-001 6.127895e-001 6.166129e+000 -4.438935e-001 1.301437e-001 -4.784072e-002 -1.768548e-001 -8.312030e-001 -3.892616e-002 7.899421e-001 2.336786e-001 1.410885e-001 -9.855917e-002 -3.011840e-001 2.953296e-001 1.699751e-001 1.525857e-001
<VARIANCE> 25
 1.001758e+001 2.480415e+001 2.283816e+001 4.742402e+001 4.218446e+001 3.600304e+001 4.925345e+001 4.704442e+001 4.438533e+001 5.584414e+001 2.902442e+001 3.220404e+001 3.392745e-001 1.164191e+000 9.299778e-001 1.982190e+000 1.508562e+000 1.820882e+000 2.071990e+000 2.023108e+000 2.316534e+000 2.349008e+000 1.585394e+000 1.497512e+000 7.812603e-001
<GCONST> 9.261742e+001
<STATE> 4
<MEAN> 25
 7.391850e+000 6.543722e-001 -5.673645e+000 -1.397268e+001 -3.669935e+000 9.530721e+000 -2.421012e+000 -1.720169e+000 4.777671e-001 3.562134e-001 4.403961e+000 -3.041301e-002 -2.388034e-001 7.128480e-002 3.041619e-001 1.529539e+000 5.136581e-001 -1.103002e+000 1.492823e-001 -9.884982e-002 1.856733e-001 3.475907e-001 -6.730282e-001 -2.342326e-001 -1.069166e+000
<VARIANCE> 25
 1.535514e+001 3.736336e+001 2.486920e+001 5.815623e+001 4.538727e+001 4.182821e+001 6.504354e+001 5.168164e+001 4.731387e+001 5.393608e+001 3.207415e+001 3.690038e+001 7.661507e-001 1.809342e+000 1.478922e+000 3.151798e+000 2.554267e+000 2.758176e+000 3.237704e+000 2.891479e+000 2.896511e+000 3.128314e+000 2.254102e+000 2.096498e+000 2.973932e+000
<GCONST> 1.010674e+002
<TRANSP> 5
 0.000000e+000 1.000000e+000 0.000000e+000 0.000000e+000 0.000000e+000
 0.000000e+000 5.727814e-001 4.272186e-001 0.000000e+000 0.000000e+000
 0.000000e+000 0.000000e+000 7.412935e-001 2.587065e-001 0.000000e+000
 0.000000e+000 0.000000e+000 0.000000e+000 7.893150e-001 2.106850e-001
 0.000000e+000 0.000000e+000 0.000000e+000 0.000000e+000 0.000000e+000
<ENDHMM>
~h "p"
<BEGINHMM>
<NUMSTATES> 5
<STATE> 2
<MEAN> 25
 6.632339e-001 4.897006e+000 -1.481374e+000 1.641566e+000 1.788437e+000 6.326352e-001 2.873735e+000 -2.672367e+000 5.395171e-001 -2.626779e-001 1.121756e-001 3.462336e-001 -1.100364e+000 1.888989e-001 -2.585531e-001 4.237003e-001 1.422027e-001 -4.615595e-001 4.072472e-001 2.337598e-001 3.602646e-001 -2.066461e-001 -2.836145e-002 3.302571e-001 -1.449621e+000
<VARIANCE> 25
 3.471903e+001 1.958883e+001 2.695955e+001 3.243892e+001 2.395221e+001 3.388773e+001 2.864344e+001 3.256186e+001 3.487994e+001 2.623336e+001 2.278185e+001 2.470760e+001 1.453359e+000 1.942800e+000 1.665504e+000 2.081974e+000 2.020041e+000 2.401030e+000 2.341311e+000 2.213455e+000 2.534917e+000 2.126845e+000 1.886788e+000 1.686192e+000 5.037432e+000
<GCONST> 9.589684e+001
<STATE> 3
<MEAN> 25
 -3.409417e+000 3.873534e+000 -1.802299e+000 2.758651e+000 1.992592e+000 -1.233670e+000 3.449500e+000 -1.821190e+000 1.078217e+000 -6.712464e-001 3.473859e-001 1.515385e+000 -5.848499e-002 -2.020554e+000 -9.393370e-001 -1.116497e+000 -3.761217e-001 2.697814e-002 -7.685007e-001 1.263846e-001 2.575181e-001 5.837003e-002 7.274902e-001 2.132066e-002 5.051965e+000
<VARIANCE> 25
 1.773895e+001 1.849758e+001 1.830908e+001 2.185098e+001 2.166670e+001 2.549282e+001 2.775829e+001 2.758157e+001 2.800992e+001 2.273016e+001 1.885727e+001 1.799397e+001 4.743658e+000 2.955500e+000 3.147424e+000 5.318193e+000 3.052505e+000 4.826865e+000 3.247942e+000 3.554259e+000 3.902399e+000 3.081170e+000 2.754035e+000 2.609052e+000 7.971267e+000
<GCONST> 1.000993e+002
<STATE> 4
<MEAN> 25
 -3.659159e+000 -1.041925e+000 -4.165691e+000 4.415311e-001 1.313274e+000 -4.736010e-001 1.902064e+000 -9.897192e-001 1.377580e+000 -5.885801e-001 1.405495e+000 1.871003e+000 1.815900e+000 -1.301301e+000 -3.997973e-001 -1.770788e+000 -7.275237e-001 9.401554e-001 -1.142449e+000 -9.993368e-002 -1.468594e-001 4.887423e-002 5.034941e-001 -7.672691e-001 4.930352e+000
<VARIANCE> 25
 3.587157e+001 2.188360e+001 1.878947e+001 3.833340e+001 2.283774e+001 3.424102e+001 2.857574e+001 2.565183e+001 2.408783e+001 2.090882e+001 1.845573e+001 1.767624e+001 4.844734e+000 5.031135e+000 3.686791e+000 7.445131e+000 3.561773e+000 6.901981e+000 4.384855e+000 4.280739e+000 3.627634e+000 3.394999e+000 2.936524e+000 3.296690e+000 1.410385e+001
<GCONST> 1.045284e+002
<TRANSP> 5
 0.000000e+000 1.000000e+000 0.000000e+000 0.000000e+000 0.000000e+000
 0.000000e+000 8.189774e-001 1.810227e-001 0.000000e+000 0.000000e+000
 0.000000e+000 0.000000e+000 3.279875e-001 6.720126e-001 0.000000e+000
 0.000000e+000 0.000000e+000 0.000000e+000 4.945107e-001 5.054893e-001
 0.000000e+000 0.000000e+000 0.000000e+000 0.000000e+000 0.000000e+000
<ENDHMM>
~h "q"
<BEGINHMM>
<NUMSTATES> 5
<STATE> 2
<MEAN> 25
 -4.279640e+000 5.061368e+000 1.819163e-001 6.036452e+000 -1.918333e+000 -1.863528e+000 3.137589e+000 -4.615098e+000 1.627299e+000 -3.189521e+000 3.418255e-002 1.757449e+000 -4.835527e-001 -5.023585e-001 -7.917076e-001 -5.570560e-002 7.462102e-001 1.447173e-001 4.988290e-003 3.596468e-001 3.502744e-001 3.915985e-002 -1.689429e-001 7.812039e-001 -2.037211e-001
<VARIANCE> 25
 9.501561e+000 2.265322e+001 1.507241e+001 6.952137e+000 1.759365e+001 1.628241e+001 1.446385e+001 1.134054e+001 2.329270e+001 1.270545e+001 1.871898e+001 1.771879e+001 1.077156e+000 3.670379e+000 4.666439e+000 1.563830e+000 2.213310e+000 3.412112e+000 1.744835e+000 1.954774e+000 2.598078e+000 2.636482e+000 2.192693e+000 3.060899e+000 2.803880e+000
<GCONST> 8.969256e+001
<STATE> 3
<MEAN> 25
 -2.003692e+000 -5.693909e-001 -2.426256e+000 -1.130731e+000 -1.814852e+000 -5.373296e+000 1.512364e+000 2.926866e-001 1.627684e-003 -1.550786e-001 7.724373e-001 5.253624e+000 -1.705257e-001 -6.477331e-002 -8.564457e-001 -5.589318e-001 3.552761e-001 6.984395e-001 4.279390e-001 -1.169051e-001 -2.183317e-001 -1.781993e-001 -2.333108e-001 1.981436e-002 3.548689e-001
<VARIANCE> 25
 2.113980e+001 3.865512e+001 1.781675e+002 4.003101e+001 6.346583e+001 6.787945e+001 4.278360e+001 6.218445e+001 5.564189e+001 2.346644e+001 3.335924e+001 3.093158e+001 1.736826e+000 4.292432e+000 6.456150e+000 6.390451e+000 6.591027e+000 7.053433e+000 1.901805e+000 4.763791e+000 4.620418e+000 2.510970e+000 2.955746e+000 2.758865e+000 8.824658e+000
<GCONST> 1.103924e+002
<STATE> 4
<MEAN> 25
 -5.699769e+000 3.609914e+000 -5.419930e+000 4.611980e+000 7.790603e-001 2.769020e+000 5.482478e+000 -2.731531e+000 4.052165e+000 -5.319733e+000 2.840360e-001 1.530637e+000 -3.837618e-002 1.636892e-001 1.480801e-001 4.070646e-002 6.430995e-002 1.257866e-001 -5.803891e-002 8.339314e-002 4.601989e-002 -4.350809e-002 -6.825498e-002 -1.062796e-001 -1.252689e-001
<VARIANCE> 25
 7.638142e+000 8.154538e+000 1.195066e+001 1.012307e+001 8.687110e+000 1.735508e+001 1.166300e+001 1.483658e+001 1.726854e+001 1.573891e+001 1.686600e+001 9.749244e+000 7.424468e-001 1.072857e+000 1.336171e+000 1.003813e+000 1.186876e+000 1.486526e+000 1.406260e+000 1.542908e+000 1.516104e+000 1.165089e+000 1.673133e+000 1.302821e+000 1.144031e+000
<GCONST> 7.864225e+001
<TRANSP> 5
 0.000000e+000 1.000000e+000 0.000000e+000 0.000000e+000 0.000000e+000
 0.000000e+000 8.309833e-001 1.690167e-001 0.000000e+000 0.000000e+000
 0.000000e+000 0.000000e+000 7.778420e-001 2.221580e-001 0.000000e+000
 0.000000e+000 0.000000e+000 0.000000e+000 9.258789e-001 7.412115e-002
 0.000000e+000 0.000000e+000 0.000000e+000 0.000000e+000 0.000000e+000
<ENDHMM>
~h "r"
<BEGINHMM>
<NUMSTATES> 5
<STATE> 2
<MEAN> 25
 5.824029e+000 -5.627096e+000 -3.875809e+000 -1.673572e+000 -3.445704e+000 -1.609076e-001 -5.675388e+000 6.212327e-001 5.455235e+000 2.814591e+000 4.585173e-001 -3.600338e+000 2.996054e-001 2.678261e-001 1.628020e-001 1.777033e+000 -1.490195e-001 -3.237489e-001 -2.376006e-001 -9.214824e-001 7.370495e-001 -2.289479e-001 2.091780e-001 2.897726e-001 -1.194739e+000
<VARIANCE> 25
 1.723324e+001 2.804222e+001 4.103478e+001 4.326233e+001 4.171736e+001 5.128321e+001 6.033680e+001 7.617271e+001 4.818302e+001 4.110376e+001 4.036169e+001 3.461496e+001 2.603156e+000 2.914879e+000 2.896158e+000 5.667854e+000 4.966172e+000 5.342993e+000 5.655187e+000 5.570806e+000 5.341169e+000 5.098277e+000 4.396181e+000 3.418139e+000 3.886546e+000
<GCONST> 1.094687e+002
<STATE> 3
<MEAN> 25
 6.349157e+000 -4.165327e+000 -2.782989e+000 3.123423e+000 -3.550573e+000 -1.152609e+000 -6.124887e+000 -1.576556e+000 6.504615e+000 2.057435e+000 1.265781e+000 -2.356514e+000 -3.046066e-001 5.186770e-001 6.187573e-001 8.183596e-001 5.855118e-001 -4.845794e-001 2.688290e-001 -3.038158e-001 -4.934817e-001 -3.599972e-001 3.577344e-002 6.830106e-001 -1.215557e+000
<VARIANCE> 25
 1.787576e+001 2.349678e+001 4.439356e+001 3.706350e+001 4.640191e+001 4.594546e+001 5.623245e+001 6.492697e+001 4.587356e+001 3.945866e+001 3.475245e+001 2.822953e+001 2.410398e+000 2.561269e+000 2.894066e+000 3.607195e+000 4.610607e+000 4.645022e+000 5.087077e+000 5.267884e+000 4.968932e+000 4.145457e+000 3.566661e+000 3.392804e+000 3.082729e+000
<GCONST> 1.068130e+002
<STATE> 4
<MEAN> 25
 4.624110e-001 -1.321315e+000 -2.226634e+000 3.237020e+000 8.367882e-001 -5.457574e-001 -7.482967e-001 -5.532053e-001 3.285239e+000 -2.314585e-001 1.115811e-001 7.699112e-001 -1.285463e-001 9.392005e-002 2.129435e-001 -5.916013e-002 3.111972e-002 1.442571e-003 1.112537e-001 3.980846e-002 -4.280104e-001 -7.175136e-002 6.383483e-002 1.579328e-001 -2.389889e-001
<VARIANCE> 25
 4.710477e+001 3.310543e+001 4.521383e+001 3.238443e+001 3.937025e+001 4.141920e+001 5.419718e+001 4.492703e+001 4.015979e+001 3.596532e+001 3.009101e+001 2.484795e+001 1.999243e+000 1.911574e+000 2.227883e+000 2.034860e+000 2.594068e+000 2.767681e+000 2.987276e+000 2.839548e+000 3.021261e+000 2.462642e+000 2.169782e+000 1.984308e+000 2.537540e+000
<GCONST> 1.010344e+002
<TRANSP> 5
 0.000000e+000 1.000000e+000 0.000000e+000 0.000000e+000 0.000000e+000
 0.000000e+000 3.888541e-001 6.111459e-001 0.000000e+000 0.000000e+000
 0.000000e+000 0.000000e+000 3.899447e-001 6.100553e-001 0.000000e+000
 0.000000e+000 0.000000e+000 0.000000e+000 7.245430e-001 2.754570e-001
 0.000000e+000 0.000000e+000 0.000000e+000 0.000000e+000 0.000000e+000
<ENDHMM>
~h "s"
<BEGINHMM>
<NUMSTATES> 5
<STATE> 2
<MEAN> 25
 -6.082836e+000 5.582266e+000 5.155091e-002 2.554521e+000 4.932920e+000 -4.233493e+000 2.082333e+000 1.487444e+000 1.610074e+000 -5.389832e-001 -1.225284e+000 2.101252e+000 -4.510533e+000 1.821705e+000 -9.385036e-001 7.717173e-001 1.608411e+000 -4.710174e-001 1.662428e+000 6.641776e-001 5.691693e-001 -5.082158e-001 6.917992e-001 7.476690e-001 -5.862379e-001
<VARIANCE> 25
 6.490783e+001 4.212485e+001 4.044474e+001 3.689385e+001 4.247598e+001 4.067598e+001 6.698653e+001 4.800745e+001 4.371767e+001 3.247039e+001 3.405519e+001 2.585665e+001 3.052337e+000 5.624131e+000 3.914662e+000 4.442744e+000 4.804873e+000 4.300412e+000 5.815426e+000 5.201844e+000 4.277166e+000 3.739098e+000 3.519281e+000 2.729471e+000 2.698406e+000
<GCONST> 1.089016e+002
<STATE> 3
<MEAN> 25
 -2.102141e+001 5.238302e+000 -5.487091e+000 1.634854e+000 6.500945e+000 -4.155569e+000 4.905224e+000 2.875639e+000 2.988445e+000 -1.327931e-001 1.958462e+000 4.324435e+000 -6.893981e-001 -5.587330e-001 -4.880004e-001 -2.468584e-001 -1.509250e-001 2.765520e-002 4.219286e-002 7.893074e-002 1.385829e-001 1.333781e-001 1.804394e-001 1.608051e-001 -2.401103e-001
<VARIANCE> 25
 1.549726e+001 2.365404e+001 3.217015e+001 2.949917e+001 2.660887e+001 2.729245e+001 4.704874e+001 3.185695e+001 3.190098e+001 2.285074e+001 2.093243e+001 1.978697e+001 2.741082e+000 1.227686e+000 1.689366e+000 1.372700e+000 1.551670e+000 1.620026e+000 1.707534e+000 1.702448e+000 1.715448e+000 1.565355e+000 1.490577e+000 1.272401e+000 9.050041e-001
<GCONST> 9.079630e+001
<STATE> 4
<MEAN> 25
 -1.345837e+001 2.734068e+000 -4.408938e+000 1.359080e+000 4.434354e+000 -4.218996e+000 2.817189e+000 1.851497e+000 3.180352e+000 -5.898001e-001 6.333062e-001 2.721421e+000 3.956100e+000 -1.723172e-001 1.229959e+000 -2.481577e-001 -9.478389e-001 1.572316e-001 -1.466253e+000 -8.883312e-001 -3.449996e-001 -4.677482e-002 -7.221161e-001 -1.090081e+000 1.433983e-001
<VARIANCE> 25
 6.651572e+001 2.736035e+001 3.509337e+001 2.953897e+001 3.071400e+001 3.722687e+001 5.427522e+001 3.678115e+001 3.316254e+001 2.558643e+001 2.483858e+001 2.384896e+001 7.835114e+000 3.546792e+000 3.927867e+000 3.587605e+000 3.244596e+000 3.687791e+000 5.053593e+000 4.314131e+000 4.058534e+000 2.848726e+000 2.858959e+000 2.600502e+000 5.746266e+000
<GCONST> 1.059023e+002
<TRANSP> 5
 0.000000e+000 1.000000e+000 0.000000e+000 0.000000e+000 0.000000e+000
 0.000000e+000 7.170607e-001 2.829393e-001 0.000000e+000 0.000000e+000
 0.000000e+000 0.000000e+000 8.494622e-001 1.505378e-001 0.000000e+000
 0.000000e+000 0.000000e+000 0.000000e+000 7.204409e-001 2.795590e-001
 0.000000e+000 0.000000e+000 0.000000e+000 0.000000e+000 0.000000e+000
<ENDHMM>
~h "t"
<BEGINHMM>
<NUMSTATES> 5
<STATE> 2
<MEAN> 25
 -9.915785e-001 3.731626e+000 -1.672341e+000 1.986413e+000 1.775735e+000 -2.282941e+000 1.158181e+000 -7.938140e-001 2.510112e+000 -2.122507e-002 -1.062632e+000 1.975389e-001 -6.797318e-001 2.055426e-001 -2.286526e-001 2.156718e-001 3.128712e-002 4.846517e-002 5.804355e-001 -3.915389e-002 3.814066e-002 -2.123058e-001 1.433340e-001 2.941661e-001 -1.635801e+000
<VARIANCE> 25
 2.593619e+001 2.470059e+001 2.797749e+001 2.705886e+001 2.749850e+001 3.212267e+001 3.679487e+001 3.446572e+001 3.487720e+001 2.815498e+001 2.567319e+001 2.315144e+001 1.511639e+000 2.141142e+000 1.664704e+000 2.114467e+000 2.334999e+000 2.236300e+000 2.633605e+000 2.413112e+000 2.309232e+000 2.141366e+000 1.881746e+000 1.686138e+000 5.264830e+000
<GCONST> 9.659402e+001
<STATE> 3
<MEAN> 25
 -3.921967e+000 3.992756e+000 -1.168409e+000 2.781207e+000 1.488435e+000 -2.527766e+000 2.790484e+000 -1.760186e+000 1.799185e+000 -6.653835e-001 -2.276930e-001 1.500487e+000 -1.867691e+000 -1.981385e+000 -7.501190e-001 -9.935595e-001 3.003014e-001 -4.150224e-001 6.181074e-002 4.174891e-001 -8.687756e-002 -1.981257e-001 4.747503e-001 5.155907e-001 4.135009e+000
<VARIANCE> 25
 2.715672e+001 2.471609e+001 2.767926e+001 2.270818e+001 2.546947e+001 2.808488e+001 3.170282e+001 3.220744e+001 3.103146e+001 2.396062e+001 2.295922e+001 1.986150e+001 2.933157e+000 3.016481e+000 3.639870e+000 3.304672e+000 3.472884e+000 3.547489e+000 3.809469e+000 3.621842e+000 4.037428e+000 2.692723e+000 2.944162e+000 2.280642e+000 8.313210e+000
<GCONST> 1.013461e+002
<STATE> 4
<MEAN> 25
 -6.841694e+000 -2.125370e+000 -3.676461e+000 -1.576923e+000 1.809686e+000 -4.259185e+000 1.067708e+000 -3.616651e-001 2.501511e+000 -2.485549e-001 1.979593e-001 1.649852e+000 1.620143e+000 -1.067982e+000 1.295728e-001 -1.579652e+000 -5.956593e-001 3.526846e-002 -2.146345e+000 1.567321e-002 9.842649e-002 3.799495e-001 -1.575012e-001 -1.094383e+000 6.028427e+000
<VARIANCE> 25
 3.173463e+001 2.701667e+001 2.668990e+001 3.103882e+001 2.952580e+001 3.890187e+001 4.315698e+001 3.029943e+001 3.083690e+001 2.602068e+001 2.332081e+001 2.390669e+001 5.016135e+000 4.712601e+000 5.374046e+000 5.341481e+000 4.487793e+000 5.635164e+000 5.848704e+000 6.202776e+000 6.207352e+000 3.962047e+000 4.160501e+000 3.688059e+000 1.024528e+001
<GCONST> 1.082553e+002
<TRANSP> 5
 0.000000e+000 1.000000e+000 0.000000e+000 0.000000e+000 0.000000e+000
 0.000000e+000 8.260422e-001 1.739578e-001 0.000000e+000 0.000000e+000
 0.000000e+000 0.000000e+000 4.270690e-001 5.729310e-001 0.000000e+000
 0.000000e+000 0.000000e+000 0.000000e+000 4.886636e-001 5.113364e-001
 0.000000e+000 0.000000e+000 0.000000e+000 0.000000e+000 0.000000e+000
<ENDHMM>
~h "u"
<BEGINHMM>
<NUMSTATES> 5
<STATE> 2
<MEAN> 25
 5.673821e+000 4.085089e+000 -1.235642e+000 -3.116570e+000 -2.935312e+000 1.917077e+000 -6.862335e+000 -5.168494e+000 -3.644709e+000 -1.490666e-001 2.718779e+000 1.095876e-001 2.220650e+000 9.745309e-001 4.105269e-003 -2.357344e+000 -1.762949e+000 2.056441e+000 -1.633994e+000 -9.461679e-001 -1.476715e+000 1.367076e-002 1.286903e+000 -1.140575e-001 1.304532e+000
<VARIANCE> 25
 2.568580e+001 3.464316e+001 3.778614e+001 6.532529e+001 4.604325e+001 4.499612e+001 7.532617e+001 6.075660e+001 4.664904e+001 4.196851e+001 3.334190e+001 2.825956e+001 4.495855e+000 3.339475e+000 4.578699e+000 5.695448e+000 5.695239e+000 4.946063e+000 6.439478e+000 7.615933e+000 5.735410e+000 5.431190e+000 3.878203e+000 3.484825e+000 4.063670e+000
<GCONST> 1.116876e+002
<STATE> 3
<MEAN> 25
 9.099727e+000 6.388977e+000 -1.785551e+000 -1.028354e+001 -6.656369e+000 8.187243e+000 -8.085871e+000 -4.681580e+000 -6.460697e+000 -1.993726e+000 5.358577e+000 5.002713e-001 1.921791e-001 1.642436e-001 -1.125507e-001 -7.635996e-001 -1.962247e-001 6.766485e-001 5.771314e-002 5.627757e-002 -2.656751e-001 -1.292585e-001 2.925241e-001 1.950220e-001 2.433351e-002
<VARIANCE> 25
 1.033820e+001 3.173864e+001 2.443675e+001 5.634731e+001 3.994538e+001 3.656360e+001 5.449119e+001 7.030361e+001 5.024530e+001 5.136217e+001 3.785182e+001 3.418862e+001 4.632823e-001 1.794619e+000 1.085272e+000 2.603620e+000 2.156940e+000 2.238289e+000 2.839268e+000 3.202543e+000 2.715315e+000 2.870360e+000 2.409238e+000 1.973522e+000 1.160614e+000
<GCONST> 9.792418e+001
<STATE> 4
<MEAN> 25
 8.010032e+000 5.494545e+000 -1.630152e+000 -6.945607e+000 -3.982661e+000 5.964415e+000 -6.257149e+000 -5.609013e+000 -4.803195e+000 1.613771e-001 4.257962e+000 3.764729e-001 -4.677253e-001 -4.145833e-001 4.653226e-001 1.819938e+000 9.103394e-001 -1.230517e+000 7.132826e-001 -5.056275e-002 1.096669e+000 5.360904e-001 -8.503478e-001 -3.065454e-001 -1.190421e+000
<VARIANCE> 25
 1.346382e+001 3.908345e+001 3.121224e+001 6.312543e+001 4.701810e+001 4.478693e+001 8.166107e+001 6.967243e+001 5.249493e+001 5.367359e+001 4.279837e+001 3.764835e+001 1.183405e+000 2.847739e+000 2.399449e+000 3.913008e+000 3.992880e+000 3.739919e+000 5.263439e+000 4.998333e+000 4.351797e+000 4.463657e+000 3.695915e+000 3.296164e+000 4.284363e+000
<GCONST> 1.077753e+002
<TRANSP> 5
 0.000000e+000 1.000000e+000 0.000000e+000 0.000000e+000 0.000000e+000
 0.000000e+000 5.381332e-001 4.618668e-001 0.000000e+000 0.000000e+000
 0.000000e+000 0.000000e+000 7.405843e-001 2.594157e-001 0.000000e+000
 0.000000e+000 0.000000e+000 0.000000e+000 7.039614e-001 2.960385e-001
 0.000000e+000 0.000000e+000 0.000000e+000 0.000000e+000 0.000000e+000
<ENDHMM>
~h "w"
<BEGINHMM>
<NUMSTATES> 5
<STATE> 2
<MEAN> 25
 7.511521e+000 6.872230e-001 -2.268648e+000 -7.145153e+000 -2.693750e+000 5.480896e+000 -3.401081e+000 -1.969213e+000 -2.342586e+000 1.219265e+000 3.381875e+000 -9.977286e-001 1.331402e+000 1.162143e+000 -2.757800e-002 -1.647114e+000 -1.072894e+000 1.119247e+000 -5.379445e-002 -3.445902e-001 -1.181107e+000 -5.915763e-001 7.596616e-001 7.137387e-001 -1.108029e-002
<VARIANCE> 25
 2.820095e+001 5.957302e+001 3.652699e+001 7.941252e+001 4.419633e+001 6.028218e+001 6.217923e+001 5.278046e+001 5.529010e+001 4.688438e+001 4.933057e+001 3.902604e+001 2.361217e+000 2.699667e+000 2.718743e+000 4.388309e+000 4.459528e+000 4.643025e+000 4.103860e+000 4.457174e+000 4.098895e+000 3.696117e+000 3.715474e+000 3.289644e+000 4.177280e+000
<GCONST> 1.096723e+002
<STATE> 3
<MEAN> 25
 1.129331e+001 4.307796e+000 -2.005349e+000 -1.495309e+001 -8.146228e+000 9.811981e+000 -4.330793e+000 -9.130867e-001 -2.929865e+000 -2.820282e+000 4.434399e+000 1.457646e+000 -4.871316e-002 -4.960406e-001 -2.448438e-001 -6.775568e-001 -9.153101e-002 6.082264e-001 -6.590958e-002 -6.964493e-002 2.000894e-001 1.647657e-001 4.091755e-001 1.409378e-001 5.952397e-001
<VARIANCE> 25
 9.188977e+000 3.137598e+001 1.702784e+001 4.482468e+001 4.140309e+001 4.066748e+001 3.403206e+001 4.150547e+001 5.392512e+001 3.372720e+001 2.713241e+001 2.570833e+001 4.179372e-001 2.631193e+000 1.251324e+000 2.600326e+000 2.133812e+000 2.651033e+000 1.990622e+000 2.019761e+000 1.919665e+000 2.729516e+000 2.193485e+000 1.714264e+000 1.863569e+000
<GCONST> 9.498633e+001
<STATE> 4
<MEAN> 25
 8.634396e+000 -4.028488e+000 -5.707311e+000 -1.555066e+001 -3.038999e+000 1.296843e+001 -3.512721e+000 -2.357262e+000 8.688718e-002 2.972612e+000 6.440112e+000 -2.461008e+000 -8.355784e-001 -1.888580e+000 -4.998707e-001 1.103002e+000 1.548258e+000 -4.552476e-001 -2.782711e-001 2.915515e-001 1.463692e+000 1.025511e+000 -1.008475e+000 -2.033208e+000 1.240837e+000
<VARIANCE> 25
 1.006578e+001 2.935378e+001 2.461578e+001 4.482974e+001 3.252201e+001 4.009809e+001 4.423652e+001 4.163647e+001 4.742544e+001 4.089418e+001 3.248840e+001 3.709425e+001 2.980269e-001 1.302608e+000 1.191823e+000 2.163438e+000 1.977576e+000 2.724674e+000 1.885926e+000 2.088924e+000 2.306356e+000 2.215625e+000 2.427521e+000 2.094432e+000 6.040180e-001
<GCONST> 9.380749e+001
<TRANSP> 5
 0.000000e+000 1.000000e+000 0.000000e+000 0.000000e+000 0.000000e+000
 0.000000e+000 7.026129e-001 2.973872e-001 0.000000e+000 0.000000e+000
 0.000000e+000 0.000000e+000 7.699047e-001 2.300953e-001 0.000000e+000
 0.000000e+000 0.000000e+000 0.000000e+000 6.679264e-001 3.320735e-001
 0.000000e+000 0.000000e+000 0.000000e+000 0.000000e+000 0.000000e+000
<ENDHMM>
~h "y"
<BEGINHMM>
<NUMSTATES> 5
<STATE> 2
<MEAN> 25
 -2.658578e-001 -6.929249e-002 8.483678e+000 -8.395080e-001 -5.895742e+000 -4.112768e+000 -2.577789e+000 2.890877e+000 -2.675712e+000 -2.044536e+000 2.207288e+000 1.774259e+000 -8.015744e-002 7.752727e-001 2.202318e+000 -3.962740e-002 -1.008365e+000 -2.542808e-001 -1.018816e+000 -5.105283e-001 -1.291428e+000 -2.959381e-001 1.018465e+000 5.786881e-001 4.651754e-001
<VARIANCE> 25
 2.647384e+001 5.186937e+001 7.192365e+001 3.598355e+001 6.240987e+001 4.931830e+001 5.213262e+001 6.114510e+001 5.815429e+001 3.964262e+001 3.088774e+001 2.714665e+001 1.897635e+000 2.537201e+000 4.023657e+000 2.570138e+000 3.497089e+000 3.217640e+000 3.574977e+000 3.993227e+000 3.811030e+000 3.426088e+000 2.643337e+000 2.305749e+000 3.867042e+000
<GCONST> 1.063204e+002
<STATE> 3
<MEAN> 25
 8.511774e-001 2.602319e-001 1.663223e+001 -9.156152e-001 -1.208988e+001 -4.609779e+000 -7.824306e+000 8.785015e-001 -7.095286e+000 -3.088752e+000 6.169662e+000 3.552595e+000 2.637736e-001 -1.028729e+000 -1.028291e+000 -3.880330e-001 -6.442792e-001 -5.875440e-001 1.670277e-001 1.047022e+000 9.821621e-001 5.827693e-001 1.424333e-001 8.998833e-002 9.668866e-001
<VARIANCE> 25
 9.724971e+000 2.445458e+001 3.773330e+001 3.491505e+001 2.482170e+001 3.816426e+001 2.779690e+001 4.505331e+001 5.348979e+001 5.282606e+001 2.467430e+001 2.827934e+001 5.301247e-001 1.871541e+000 2.921980e+000 1.323855e+000 1.919085e+000 1.674980e+000 1.901398e+000 3.329785e+000 3.133357e+000 1.912748e+000 1.339159e+000 1.309340e+000 1.427726e+000
<GCONST> 9.414905e+001
<STATE> 4
<MEAN> 25
 2.618652e+000 -7.196727e+000 6.236401e+000 -4.893256e+000 -1.087002e+001 -6.662752e+000 -2.925506e+000 1.117943e+001 8.826360e-001 -1.025630e+000 1.836898e+000 5.318104e-001 3.838615e-001 -1.396545e+000 -2.448948e+000 -3.394576e-001 1.610372e+000 9.818367e-001 8.715754e-001 1.321085e+000 1.516906e+000 -5.127310e-001 -1.968079e+000 -1.369617e+000 5.883170e-001
<VARIANCE> 25
 8.036522e+000 1.833305e+001 2.842506e+001 2.173505e+001 2.515608e+001 2.625301e+001 4.341190e+001 4.742649e+001 4.694516e+001 3.016875e+001 3.555119e+001 2.348757e+001 2.695137e-001 9.730096e-001 1.718104e+000 9.826121e-001 1.876572e+000 1.600689e+000 2.123549e+000 3.327877e+000 2.133859e+000 2.585717e+000 1.979712e+000 1.898079e+000 3.648192e-001
<GCONST> 8.973573e+001
<TRANSP> 5
 0.000000e+000 1.000000e+000 0.000000e+000 0.000000e+000 0.000000e+000
 0.000000e+000 7.849122e-001 2.150878e-001 0.000000e+000 0.000000e+000
 0.000000e+000 0.000000e+000 7.456146e-001 2.543854e-001 0.000000e+000
 0.000000e+000 0.000000e+000 0.000000e+000 7.086780e-001 2.913220e-001
 0.000000e+000 0.000000e+000 0.000000e+000 0.000000e+000 0.000000e+000
<ENDHMM>
~h "z"
<BEGINHMM>
<NUMSTATES> 5
<STATE> 2
<MEAN> 25
 -8.000776e-001 7.863431e+000 1.977328e+000 5.045524e+000 1.999213e+000 -6.126760e+000 -2.012623e+000 -1.236254e+000 9.591475e-001 -9.581556e-001 -1.910151e+000 1.743203e+000 -2.070269e+000 2.367839e+000 -6.964297e-001 1.093321e+000 1.442738e+000 -4.190628e-001 1.227275e+000 -1.585893e-001 6.891150e-001 -4.312857e-001 1.529200e-001 6.191481e-001 -8.456031e-001
<VARIANCE> 25
 3.384270e+001 4.263930e+001 4.199878e+001 3.188431e+001 4.114380e+001 3.599638e+001 7.261006e+001 4.768028e+001 3.966499e+001 4.138151e+001 3.076666e+001 2.947042e+001 2.954283e+000 3.777675e+000 2.769608e+000 2.712125e+000 2.936047e+000 3.783021e+000 4.310469e+000 5.756454e+000 4.014598e+000 3.637126e+000 2.803189e+000 2.738164e+000 2.703161e+000
<GCONST> 1.058458e+002
<STATE> 3
<MEAN> 25
 -1.119322e+001 1.368429e+001 6.944305e-001 7.809226e+000 6.663893e+000 -5.799472e+000 1.486687e+000 -4.893901e-001 9.989588e-001 -2.664379e-001 -8.698856e-002 3.595402e+000 -1.100742e+000 -2.250825e-001 -2.472298e-002 1.110608e-001 3.321682e-001 1.817938e-001 3.823439e-001 1.097568e-001 -1.252744e-001 2.667045e-002 2.633424e-001 2.313058e-001 5.643376e-002
<VARIANCE> 25
 3.515495e+001 2.611520e+001 2.786163e+001 2.849712e+001 2.412550e+001 2.886607e+001 5.606078e+001 2.859410e+001 3.294522e+001 2.822812e+001 1.847256e+001 2.347532e+001 2.118460e+000 1.615918e+000 1.264168e+000 1.119107e+000 1.769552e+000 1.685621e+000 1.587990e+000 1.783148e+000 1.598474e+000 1.314317e+000 1.279691e+000 1.211630e+000 1.211983e+000
<GCONST> 9.136369e+001
<STATE> 4
<MEAN> 25
 -1.008641e+001 4.527593e+000 -3.940934e-002 2.857893e+000 3.901952e+000 -1.869435e+000 1.680383e+000 1.389652e+000 1.210471e+000 -5.399618e-001 9.691722e-001 4.008996e+000 9.017727e-001 -6.118817e-001 3.555116e-001 -3.314881e-001 -7.689955e-001 -2.769909e-001 -6.632341e-001 -2.372905e-001 6.056470e-002 9.254625e-002 -1.698679e-002 -9.875367e-002 7.838463e-001
<VARIANCE> 25
 6.322728e+001 4.633319e+001 5.195752e+001 2.801491e+001 3.695078e+001 4.217126e+001 4.172038e+001 3.367254e+001 2.869432e+001 1.882104e+001 1.916310e+001 1.814467e+001 5.057091e+000 3.224667e+000 2.509806e+000 2.256872e+000 3.484015e+000 2.448813e+000 3.079778e+000 3.083486e+000 2.384685e+000 1.806157e+000 1.671064e+000 1.648515e+000 2.817476e+000
<GCONST> 1.003847e+002
<TRANSP> 5
 0.000000e+000 1.000000e+000 0.000000e+000 0.000000e+000 0.000000e+000
 0.000000e+000 7.335079e-001 2.664921e-001 0.000000e+000 0.000000e+000
 0.000000e+000 0.000000e+000 7.902710e-001 2.097290e-001 0.000000e+000
 0.000000e+000 0.000000e+000 0.000000e+000 8.607786e-001 1.392214e-001
 0.000000e+000 0.000000e+000 0.000000e+000 0.000000e+000 0.000000e+000
<ENDHMM>
~h "ai"
<BEGINHMM>
<NUMSTATES> 5
<STATE> 2
<MEAN> 25
 4.797490e+000 -1.192772e+001 -3.087938e+000 -6.299536e+000 -1.349821e+000 1.903459e+000 -3.472039e+000 7.711074e+000 4.537106e+000 -5.645754e-001 -4.639330e+000 -5.376744e+000 -2.515107e-001 -6.908603e-001 8.448396e-001 3.139969e-001 -8.772289e-001 -1.017502e+000 7.347952e-001 1.823704e+000 -2.189256e-001 -9.402194e-001 -4.089808e-001 4.817172e-001 4.659471e-001
<VARIANCE> 25
 8.866889e+000 1.935485e+001 3.416991e+001 2.391868e+001 4.143573e+001 6.236884e+001 3.340570e+001 4.670084e+001 3.860727e+001 4.081620e+001 3.806558e+001 2.507645e+001 5.088087e-001 1.617071e+000 1.508085e+000 1.830989e+000 2.507264e+000 3.400453e+000 2.261362e+000 2.982648e+000 2.038441e+000 1.973709e+000 2.672853e+000 1.966971e+000 6.226302e-001
<GCONST> 9.468211e+001
<STATE> 3
<MEAN> 25
 3.150501e+000 -8.622663e+000 6.738659e+000 -5.015281e+000 -1.087687e+001 -6.940534e+000 -1.178448e+000 1.196061e+001 -1.431170e+000 1.896032e-001 1.440259e+000 -2.326937e-001 -2.563171e-001 9.217368e-001 1.619332e+000 3.497763e-002 -1.219481e+000 -5.313746e-001 -2.170878e-001 -8.621778e-001 -1.224858e+000 6.706223e-001 1.349354e+000 5.335491e-001 -4.603274e-001
<VARIANCE> 25
 6.929093e+000 1.480075e+001 3.204026e+001 1.719587e+001 2.506058e+001 2.877361e+001 3.160621e+001 3.978413e+001 4.195788e+001 3.123671e+001 3.964733e+001 2.125424e+001 2.290965e-001 8.203597e-001 1.213918e+000 7.577786e-001 1.567877e+000 1.474366e+000 1.659150e+000 2.257997e+000 1.710026e+000 1.591190e+000 1.782575e+000 1.212333e+000 1.839424e-001
<GCONST> 8.500347e+001
<STATE> 4
<MEAN> 25
 1.773360e+000 -8.441755e-001 1.256541e+001 -2.768259e+000 -1.191488e+001 -7.042804e+000 -3.064603e+000 2.243740e+000 -6.051076e+000 1.865859e+000 4.252849e+000 6.954344e-001 8.810490e-002 9.336765e-001 -3.058881e-001 7.353660e-001 9.396332e-001 2.223427e-001 1.550684e-001 -9.111200e-001 7.829085e-002 -2.535679e-001 -4.002402e-001 -6.617199e-002 -1.608090e+000
<VARIANCE> 25
 1.182017e+001 3.002069e+001 3.906379e+001 3.174805e+001 3.176877e+001 3.740047e+001 3.622873e+001 5.508465e+001 4.604332e+001 4.125046e+001 3.404780e+001 2.771446e+001 9.982250e-001 1.600326e+000 2.487701e+000 1.943245e+000 2.614879e+000 2.124172e+000 2.761702e+000 3.086311e+000 3.269602e+000 2.265856e+000 1.834643e+000 1.609322e+000 2.210453e+000
<GCONST> 9.779956e+001
<TRANSP> 5
 0.000000e+000 1.000000e+000 0.000000e+000 0.000000e+000 0.000000e+000
 0.000000e+000 7.614174e-001 2.385826e-001 0.000000e+000 0.000000e+000
 0.000000e+000 0.000000e+000 8.104109e-001 1.895891e-001 0.000000e+000
 0.000000e+000 0.000000e+000 0.000000e+000 8.352895e-001 1.647105e-001
 0.000000e+000 0.000000e+000 0.000000e+000 0.000000e+000 0.000000e+000
<ENDHMM>
~h "au"
<BEGINHMM>
<NUMSTATES> 5
<STATE> 2
<MEAN> 25
 6.077778e+000 -5.384610e+000 -7.401986e+000 -1.001287e+001 -2.662064e-001 1.041110e+001 -4.753124e+000 -1.844140e+000 6.703548e+000 1.907238e+000 5.785142e-001 -7.105134e+000 2.144227e-001 1.293842e-001 -4.017537e-001 -7.532443e-001 -7.036813e-002 1.244052e+000 2.766047e-002 -4.929517e-001 -1.190804e-001 -1.329451e-001 7.993870e-001 -2.098011e-002 6.467181e-002
<VARIANCE> 25
 8.997094e+000 2.162335e+001 1.884471e+001 2.742635e+001 2.908345e+001 3.835984e+001 3.320738e+001 4.023746e+001 2.589086e+001 3.082851e+001 2.652145e+001 2.034907e+001 5.505912e-001 9.897385e-001 9.188782e-001 1.420016e+000 1.541899e+000 2.344742e+000 1.761634e+000 2.055918e+000 1.876764e+000 1.679655e+000 2.316097e+000 1.631168e+000 5.491247e-001
<GCONST> 8.876244e+001
<STATE> 3
<MEAN> 25
 7.624954e+000 -6.769557e-001 -7.054947e+000 -1.685446e+001 -3.682243e+000 1.445330e+001 -4.069304e+000 -3.051651e+000 2.738753e+000 -3.735867e-002 6.060729e+000 -1.724799e+000 3.201196e-001 9.522620e-001 2.777928e-001 -4.741656e-001 -5.750754e-001 -5.826247e-002 -6.223874e-002 6.658621e-002 -7.925606e-001 -3.764322e-001 4.387580e-001 9.240716e-001 -6.248215e-001
<VARIANCE> 25
 8.595666e+000 2.133194e+001 1.618337e+001 2.823066e+001 3.003546e+001 2.445708e+001 4.011580e+001 3.246048e+001 3.202405e+001 3.477348e+001 1.968541e+001 3.646857e+001 1.935377e-001 8.100730e-001 4.590776e-001 9.842268e-001 9.484774e-001 1.011477e+000 1.155232e+000 1.050097e+000 1.273751e+000 1.571639e+000 1.245692e+000 1.468060e+000 2.849400e-001
<GCONST> 8.219214e+001
<STATE> 4
<MEAN> 25
 7.262627e+000 4.985883e+000 -3.881966e+000 -1.164490e+001 -3.944711e+000 7.175084e+000 -4.054108e+000 -1.555786e+000 -2.685586e+000 -4.338806e-001 4.263027e+000 1.078513e+000 -2.010408e-001 2.535424e-001 4.466512e-001 1.545247e+000 3.760878e-001 -9.855722e-001 1.624072e-001 -6.652439e-002 -1.473249e-001 4.931686e-002 -5.565116e-001 -1.005061e-001 -1.227858e+000
<VARIANCE> 25
 2.940415e+001 3.474129e+001 2.725309e+001 8.884203e+001 4.611081e+001 4.603724e+001 6.302701e+001 4.954018e+001 4.663845e+001 5.070493e+001 3.317520e+001 3.545575e+001 8.700904e-001 1.969548e+000 1.589981e+000 3.428062e+000 2.534980e+000 2.952108e+000 3.267983e+000 2.880881e+000 3.218326e+000 3.083082e+000 2.412115e+000 2.333794e+000 1.949584e+000
<GCONST> 1.023931e+002
<TRANSP> 5
 0.000000e+000 1.000000e+000 0.000000e+000 0.000000e+000 0.000000e+000
 0.000000e+000 7.880489e-001 2.119511e-001 0.000000e+000 0.000000e+000
 0.000000e+000 0.000000e+000 8.393610e-001 1.606390e-001 0.000000e+000
 0.000000e+000 0.000000e+000 0.000000e+000 8.569667e-001 1.430333e-001
 0.000000e+000 0.000000e+000 0.000000e+000 0.000000e+000 0.000000e+000
<ENDHMM>
~h "kh"
<BEGINHMM>
<NUMSTATES> 5
<STATE> 2
<MEAN> 25
 -2.066472e+000 7.207046e-001 -3.321903e+000 -9.976944e-002 4.258380e+000 1.088785e+000 3.234857e+000 5.070213e-001 5.418471e-001 6.619408e-001 -2.026443e-001 1.286916e+000 -1.400959e+000 -4.806995e-001 -1.191921e+000 -4.392813e-003 1.159751e+000 -2.911189e-001 2.348525e-001 3.050199e-001 2.190754e-001 8.768865e-002 5.256302e-002 4.523253e-001 -1.769615e-004
<VARIANCE> 25
 4.804472e+001 4.252882e+001 5.616374e+001 5.621934e+001 6.266477e+001 7.435031e+001 5.007994e+001 4.176537e+001 5.571814e+001 4.711230e+001 4.424408e+001 2.967823e+001 4.268589e+000 4.938576e+000 5.734674e+000 4.759553e+000 6.162986e+000 5.252051e+000 5.240770e+000 4.083331e+000 4.554026e+000 3.770095e+000 3.484772e+000 2.553841e+000 7.854189e+000
<GCONST> 1.127578e+002
<STATE> 3
<MEAN> 25
 -7.959701e+000 -5.262555e+000 -1.074485e+001 -2.963970e+000 9.930293e+000 9.060270e-001 9.429457e-001 2.218486e+000 3.445227e+000 1.828558e+000 1.370816e+000 2.093374e+000 -2.149741e-001 -2.130759e-001 -1.969306e-001 -1.864300e-001 -2.037660e-001 2.014997e-001 2.647153e-001 -7.113017e-002 -5.414857e-002 -2.984940e-002 2.358639e-001 3.420553e-002 8.467960e-002
<VARIANCE> 25
 2.263328e+001 3.157865e+001 4.136139e+001 5.220916e+001 4.949691e+001 6.162025e+001 5.106951e+001 3.944524e+001 4.533233e+001 3.957454e+001 2.782011e+001 3.403446e+001 1.559819e+000 1.865040e+000 2.574983e+000 2.451229e+000 3.027143e+000 3.046916e+000 2.776847e+000 2.694628e+000 2.491900e+000 2.524988e+000 1.986821e+000 2.026090e+000 1.501258e+000
<GCONST> 1.009556e+002
<STATE> 4
<MEAN> 25
 -4.833543e+000 3.902361e-001 -4.302115e+000 1.843055e+000 3.250896e+000 1.232965e+000 4.357512e+000 7.345647e-001 3.275775e-001 -7.123482e-001 1.144487e+000 1.920949e+000 3.264767e-001 2.375858e-001 2.671067e-001 -5.302606e-002 -2.010942e-001 7.708584e-002 -2.552034e-002 -1.333587e-001 -9.950052e-002 -6.381802e-002 -5.147403e-002 -1.368689e-001 1.178999e-001
<VARIANCE> 25
 2.663507e+001 3.662255e+001 3.977306e+001 3.172395e+001 2.978071e+001 3.175866e+001 2.980636e+001 2.812397e+001 2.886225e+001 2.389255e+001 1.838817e+001 2.105529e+001 1.963842e+000 1.495961e+000 1.818353e+000 1.745064e+000 1.563465e+000 1.820212e+000 1.970096e+000 2.065995e+000 1.950008e+000 1.791668e+000 1.604364e+000 1.574556e+000 1.679193e+000
<GCONST> 9.342635e+001
<TRANSP> 5
 0.000000e+000 1.000000e+000 0.000000e+000 0.000000e+000 0.000000e+000
 0.000000e+000 7.683121e-001 2.316879e-001 0.000000e+000 0.000000e+000
 0.000000e+000 0.000000e+000 8.065022e-001 1.934978e-001 0.000000e+000
 0.000000e+000 0.000000e+000 0.000000e+000 8.777028e-001 1.222972e-001
 0.000000e+000 0.000000e+000 0.000000e+000 0.000000e+000 0.000000e+000
<ENDHMM>
~h "ng"
<BEGINHMM>
<NUMSTATES> 5
<STATE> 2
<MEAN> 25
 7.258069e+000 -2.032928e+000 7.658585e-001 -2.296468e+000 -2.770541e+000 3.269625e+000 -2.904817e-001 -1.321727e+000 -4.798870e+000 3.916965e+000 -2.756227e+000 -5.319850e+000 4.685170e-001 1.256201e+000 1.527592e+000 1.126078e+000 -1.503635e+000 -1.298532e-001 1.624947e+000 -2.575472e+000 -8.446804e-001 6.638640e-001 -1.143574e+000 1.725235e+000 -1.397952e+000
<VARIANCE> 25
 8.182103e+000 2.917652e+001 3.081261e+001 3.492887e+001 4.691640e+001 4.711305e+001 4.872913e+001 5.673894e+001 4.259454e+001 4.204319e+001 3.887191e+001 4.662170e+001 5.469038e-001 1.569358e+000 2.413144e+000 2.522708e+000 3.176354e+000 3.092222e+000 4.304310e+000 3.908997e+000 5.414875e+000 3.134824e+000 4.142747e+000 3.824309e+000 6.357015e-001
<GCONST> 1.009243e+002
<STATE> 3
<MEAN> 25
 7.945439e+000 3.284214e-001 5.759536e+000 -1.252111e+000 -6.564098e+000 3.963033e+000 5.701849e-001 -6.232191e+000 -5.088686e+000 3.362887e+000 -3.871446e+000 -6.393377e-001 5.569499e-002 4.303170e-001 4.966261e-001 3.528730e-001 -2.067042e-001 -1.200536e-001 2.152185e-001 -5.133801e-001 -1.596781e-001 2.988450e-002 -8.972290e-002 4.229746e-001 -4.943229e-001
<VARIANCE> 25
 7.258128e+000 1.825519e+001 2.337373e+001 3.993916e+001 3.277180e+001 3.700672e+001 4.668199e+001 3.956709e+001 3.628413e+001 3.037522e+001 3.404936e+001 3.047925e+001 2.450007e-001 7.583598e-001 1.095234e+000 1.161425e+000 1.364383e+000 1.251685e+000 1.613782e+000 1.544236e+000 1.528222e+000 1.375770e+000 1.342999e+000 1.310482e+000 4.187523e-001
<GCONST> 8.668813e+001
<STATE> 4
<MEAN> 25
 5.884234e+000 3.070156e+000 4.069997e+000 1.284327e+000 -3.207659e+000 2.047797e+000 3.822112e+000 -5.938782e+000 -5.275008e+000 2.590231e+000 -4.252397e+000 1.505463e-001 -6.057137e-001 3.767057e-001 -6.412007e-001 4.230926e-001 1.119145e+000 -3.286761e-001 1.028087e-001 6.240986e-001 2.434392e-001 -3.335373e-001 2.209148e-001 -3.797109e-001 -8.803734e-001
<VARIANCE> 25
 2.187744e+001 2.280942e+001 3.178546e+001 4.129419e+001 5.589170e+001 3.420354e+001 4.930222e+001 5.145313e+001 4.586355e+001 3.937471e+001 4.100563e+001 3.269310e+001 1.006056e+000 1.880912e+000 1.980053e+000 2.577553e+000 3.084238e+000 2.774563e+000 2.962356e+000 3.480161e+000 3.130759e+000 2.576056e+000 2.513970e+000 2.515308e+000 3.151062e+000
<GCONST> 1.012605e+002
<TRANSP> 5
 0.000000e+000 1.000000e+000 0.000000e+000 0.000000e+000 0.000000e+000
 0.000000e+000 5.652813e-001 4.347187e-001 0.000000e+000 0.000000e+000
 0.000000e+000 0.000000e+000 7.462515e-001 2.537485e-001 0.000000e+000
 0.000000e+000 0.000000e+000 0.000000e+000 6.842987e-001 3.157013e-001
 0.000000e+000 0.000000e+000 0.000000e+000 0.000000e+000 0.000000e+000
<ENDHMM>
~h "ny"
<BEGINHMM>
<NUMSTATES> 5
<STATE> 2
<MEAN> 25
 5.384257e+000 4.054708e+000 7.758626e+000 1.501911e+000 -5.467185e+000 -3.088871e+000 -1.891961e+000 -2.165129e+000 -6.820591e+000 -2.167795e+000 2.153076e+000 1.447616e+000 -2.359388e-001 -1.727366e-001 5.264225e-001 -6.788821e-001 -4.959023e-001 1.957697e-001 3.748285e-002 4.963992e-001 -2.190361e-001 -2.307214e-001 3.392303e-001 4.197225e-002 5.254892e-001
<VARIANCE> 25
 1.586840e+001 2.448446e+001 3.038283e+001 5.396093e+001 3.355237e+001 3.444809e+001 3.997227e+001 6.363361e+001 4.384028e+001 4.389688e+001 4.296863e+001 4.306583e+001 2.137444e+000 4.712684e+000 3.051280e+000 5.467093e+000 3.560026e+000 3.239370e+000 3.987444e+000 1.029789e+001 4.592576e+000 3.902813e+000 3.654330e+000 2.748158e+000 3.481963e+000
<GCONST> 1.070159e+002
<STATE> 3
<MEAN> 25
 2.698600e+000 -6.365562e+000 7.741049e+000 -4.771591e+000 -8.904900e+000 -1.857903e+000 -1.091681e+000 1.057529e+001 -2.906877e+000 -5.525406e+000 -5.503237e-001 -1.383239e-001 2.141236e-001 -1.910911e+000 -1.626319e+000 3.093151e-001 8.265718e-001 2.696848e-001 -2.399707e-002 1.450657e+000 1.415780e+000 -7.002360e-001 -1.464809e+000 -4.665539e-001 7.268658e-001
<VARIANCE> 25
 7.548404e+000 2.046839e+001 3.127144e+001 2.485332e+001 3.604208e+001 2.505309e+001 2.612809e+001 3.728690e+001 4.669932e+001 3.315538e+001 3.203299e+001 2.118797e+001 2.860501e-001 1.284301e+000 1.154231e+000 1.126266e+000 2.331608e+000 1.323564e+000 1.722756e+000 2.978804e+000 1.699556e+000 2.160713e+000 1.511896e+000 1.733184e+000 5.247596e-001
<GCONST> 8.883792e+001
<STATE> 4
<MEAN> 25
 1.014539e+000 -4.917329e+000 -1.387771e+000 8.654284e-001 1.576226e+000 7.867543e-001 2.361281e-002 6.717738e+000 4.532775e-001 -4.417881e+000 -3.508313e+000 -1.630759e-001 -1.391824e-002 1.231463e-002 -5.163570e-001 1.764937e-001 6.520389e-001 2.270385e-001 -4.921004e-002 -2.899719e-001 1.888922e-001 2.079913e-001 -1.879478e-001 -1.485284e-001 -5.961342e-001
<VARIANCE> 25
 1.780764e+001 4.050837e+001 2.537105e+001 2.701636e+001 4.166123e+001 2.222182e+001 2.850932e+001 5.447190e+001 3.798018e+001 3.676740e+001 2.768984e+001 2.244800e+001 4.239845e-001 1.016042e+000 1.289414e+000 1.071524e+000 1.769830e+000 1.217163e+000 1.556730e+000 1.528387e+000 1.599577e+000 1.474204e+000 1.447542e+000 1.395586e+000 1.073791e+000
<GCONST> 8.965820e+001
<TRANSP> 5
 0.000000e+000 1.000000e+000 0.000000e+000 0.000000e+000 0.000000e+000
 0.000000e+000 8.721038e-001 1.278961e-001 0.000000e+000 0.000000e+000
 0.000000e+000 0.000000e+000 7.375780e-001 2.624220e-001 0.000000e+000
 0.000000e+000 0.000000e+000 0.000000e+000 8.002677e-001 1.997323e-001
 0.000000e+000 0.000000e+000 0.000000e+000 0.000000e+000 0.000000e+000
<ENDHMM>
~h "oi"
<BEGINHMM>
<NUMSTATES> 5
<STATE> 2
<MEAN> 25
 8.638988e+000 -2.610773e+000 -6.790243e+000 -1.440425e+001 -6.497031e+000 1.221013e+001 -4.316099e+000 -3.759300e+000 2.755056e+000 7.007567e-001 4.599314e+000 1.494277e-002 -5.675654e-002 -6.416866e-001 1.325594e-001 -5.206062e-001 -6.734878e-002 7.851221e-003 -7.634937e-001 9.747324e-002 2.081319e-001 9.689225e-001 4.643604e-002 -8.873568e-001 8.224874e-001
<VARIANCE> 25
 1.081998e+001 3.167411e+001 2.869715e+001 5.577652e+001 3.633797e+001 4.307484e+001 5.043559e+001 3.148030e+001 4.018876e+001 4.368379e+001 3.693161e+001 4.391599e+001 1.271478e+000 1.281071e+000 1.241899e+000 6.645903e+000 3.572729e+000 6.179306e+000 2.937905e+000 2.302586e+000 2.819638e+000 3.669418e+000 2.987466e+000 2.720302e+000 1.043852e+000
<GCONST> 1.008293e+002
<STATE> 3
<MEAN> 25
 4.312725e+000 -6.979322e+000 2.124893e+000 -5.116395e+000 -7.401047e+000 -6.026770e+000 -9.131565e+000 5.395844e+000 9.951524e-001 5.807182e+000 1.293583e+000 -3.459015e+000 -7.530984e-001 2.294075e-001 2.707101e+000 1.627748e+000 -1.772767e+000 -2.868025e+000 4.738922e-001 1.133071e+000 -1.730722e+000 -1.039939e+000 3.023802e-001 1.223210e+000 -2.577147e-001
<VARIANCE> 25
 7.387646e+000 2.133099e+001 6.095710e+001 3.318111e+001 4.066076e+001 6.109737e+001 2.327930e+001 5.973911e+001 4.672315e+001 3.341315e+001 4.049783e+001 3.868097e+001 3.628175e-001 9.386896e-001 1.538047e+000 1.966362e+000 2.133787e+000 4.120201e+000 2.090715e+000 4.738129e+000 3.893636e+000 2.348683e+000 4.138345e+000 2.656785e+000 2.337067e-001
<GCONST> 9.603756e+001
<STATE> 4
<MEAN> 25
 6.453812e-002 6.228811e-001 1.213653e+001 5.386962e-001 -1.023186e+001 -8.760746e+000 -3.145144e+000 -1.178203e+000 -7.409391e+000 7.716681e-001 3.011937e+000 7.089700e-001 -1.338454e-001 6.026122e-001 -1.808027e-001 3.293982e-001 6.547737e-001 3.535783e-001 3.765164e-001 -5.582510e-001 1.384019e-001 -1.819026e-001 -3.246528e-001 -1.812476e-002 -1.260718e+000
<VARIANCE> 25
 1.571776e+001 2.917133e+001 4.635543e+001 2.879482e+001 4.466887e+001 5.312429e+001 4.418594e+001 8.104312e+001 5.083145e+001 2.865755e+001 3.219419e+001 2.875751e+001 7.656184e-001 1.284232e+000 3.301836e+000 1.497015e+000 2.313253e+000 1.918127e+000 2.396389e+000 3.159274e+000 3.503558e+000 2.000174e+000 1.820030e+000 1.902190e+000 1.361162e+000
<GCONST> 9.793392e+001
<TRANSP> 5
 0.000000e+000 1.000000e+000 0.000000e+000 0.000000e+000 0.000000e+000
 0.000000e+000 8.970121e-001 1.029879e-001 0.000000e+000 0.000000e+000
 0.000000e+000 0.000000e+000 8.242022e-001 1.757978e-001 0.000000e+000
 0.000000e+000 0.000000e+000 0.000000e+000 9.040421e-001 9.595798e-002
 0.000000e+000 0.000000e+000 0.000000e+000 0.000000e+000 0.000000e+000
<ENDHMM>
~h "sp"
<BEGINHMM>
<NUMSTATES> 3
<STATE> 2
~s "silst"
<TRANSP> 3
 0.000000e+000 7.000000e-001 3.000000e-001
 0.000000e+000 9.000000e-001 9.999999e-002
 0.000000e+000 0.000000e+000 0.000000e+000
<ENDHMM>
~h "sy"
<BEGINHMM>
<NUMSTATES> 5
<STATE> 2
<MEAN> 25
 -7.362279e+000 3.749398e+000 2.911647e+000 2.222058e+000 2.335484e+000 -1.669791e+000 2.997665e+000 1.088502e+000 1.107154e+000 -2.298340e+000 -6.760775e-001 2.855643e+000 -3.424733e+000 4.381872e-001 -1.198836e-001 -2.184457e-002 5.694274e-001 2.938794e-001 8.488091e-001 2.943116e-001 5.439271e-001 -2.298414e-001 7.382182e-001 3.748039e-001 2.749949e-002
<VARIANCE> 25
 6.984901e+001 3.466253e+001 4.655203e+001 2.839138e+001 3.923852e+001 4.830908e+001 4.368820e+001 3.927990e+001 3.681691e+001 2.897135e+001 2.773083e+001 2.253601e+001 5.473289e+000 4.690849e+000 3.686747e+000 3.592215e+000 4.400397e+000 4.086098e+000 5.143494e+000 3.944061e+000 3.466116e+000 3.117881e+000 3.415994e+000 2.430973e+000 2.763165e+000
<GCONST> 1.065721e+002
<STATE> 3
<MEAN> 25
 -2.202431e+001 1.027890e+000 1.438323e+000 -2.071937e+000 2.229098e+000 -1.215101e+000 4.965052e+000 2.011189e+000 2.929914e+000 -6.372204e-002 3.858281e+000 4.515089e+000 -2.708544e-001 -5.401813e-001 -9.852798e-002 -2.795265e-001 -4.254128e-001 -3.242266e-002 5.707575e-002 -5.465689e-002 1.917765e-001 2.436403e-001 1.855327e-001 1.295812e-001 1.694254e-001
<VARIANCE> 25
 1.554849e+001 2.468205e+001 3.051508e+001 2.013806e+001 4.573987e+001 3.234453e+001 3.517060e+001 3.047140e+001 3.006297e+001 2.038464e+001 1.608667e+001 1.627911e+001 1.609611e+000 8.950026e-001 1.095895e+000 1.156307e+000 1.324048e+000 1.442707e+000 1.465388e+000 1.472588e+000 1.317618e+000 1.431777e+000 1.323300e+000 1.163341e+000 6.045411e-001
<GCONST> 8.716127e+001
<STATE> 4
<MEAN> 25
 -1.048333e+001 3.062877e-002 5.788877e+000 -7.649708e-001 -3.854784e+000 -4.383597e+000 1.498925e+000 7.090562e-001 1.773961e+000 -2.048967e+000 2.349104e+000 3.780571e+000 5.107514e+000 -3.124901e-001 1.105241e+000 1.678344e-001 -1.211378e+000 -1.271622e+000 -1.931341e+000 4.596516e-001 -6.156033e-001 -5.502374e-001 -8.057455e-001 -6.330227e-001 1.162806e+000
<VARIANCE> 25
 9.836479e+001 2.543629e+001 5.172381e+001 2.847660e+001 5.238349e+001 3.922115e+001 4.982222e+001 3.571880e+001 3.566138e+001 2.307157e+001 2.606774e+001 1.482927e+001 4.056338e+000 4.094723e+000 4.584672e+000 3.025820e+000 5.683452e+000 3.176681e+000 4.212712e+000 5.086969e+000 4.713233e+000 2.992591e+000 3.486368e+000 2.243350e+000 2.050231e+000
<GCONST> 1.056681e+002
<TRANSP> 5
 0.000000e+000 1.000000e+000 0.000000e+000 0.000000e+000 0.000000e+000
 0.000000e+000 8.100885e-001 1.899115e-001 0.000000e+000 0.000000e+000
 0.000000e+000 0.000000e+000 8.794591e-001 1.205408e-001 0.000000e+000
 0.000000e+000 0.000000e+000 0.000000e+000 7.461719e-001 2.538281e-001
 0.000000e+000 0.000000e+000 0.000000e+000 0.000000e+000 0.000000e+000
<ENDHMM>
~h "sil"
<BEGINHMM>
<NUMSTATES> 5
<STATE> 2
<MEAN> 25
 -5.350663e+000 1.919991e-001 -1.480349e+000 4.357934e+000 3.174994e+000 1.808686e-001 5.106794e+000 1.589061e+000 5.521051e-001 -3.951760e-002 3.405429e-001 2.439152e+000 1.718270e-001 -3.092087e-001 -2.468434e-001 5.137300e-003 -2.385158e-001 -1.079092e+000 -5.423770e-001 -3.375526e-001 -2.773426e-001 -5.739653e-001 -1.037095e-001 6.213744e-001 -1.409581e+000
<VARIANCE> 25
 3.950756e+001 3.031606e+001 3.311665e+001 5.501370e+001 4.240531e+001 6.085654e+001 4.900948e+001 6.602409e+001 3.679966e+001 3.600084e+001 3.135299e+001 3.511035e+001 2.907034e+000 3.193437e+000 2.616102e+000 3.854418e+000 3.073509e+000 5.581436e+000 3.907404e+000 6.149493e+000 2.948875e+000 3.516561e+000 2.854190e+000 2.939322e+000 2.110816e+001
<GCONST> 1.087495e+002
<STATE> 3
~s "silst"
<STATE> 4
<MEAN> 25
 -4.947762e+000 3.309767e+000 -2.538090e+000 3.537875e+000 4.000497e+000 -6.159245e-001 4.617035e+000 8.374479e-001 5.806219e-001 -1.754911e-001 6.345913e-001 2.124144e+000 -1.103006e-002 1.525369e-002 3.346868e-003 8.156916e-004 3.982333e-003 2.437287e-003 2.882810e-003 -1.537346e-003 6.786733e-003 2.185172e-002 3.910210e-003 -9.492250e-003 -1.529856e-002
<VARIANCE> 25
 8.182086e+000 9.820070e+000 1.046430e+001 1.318034e+001 1.486661e+001 1.527878e+001 2.009885e+001 2.277581e+001 1.930921e+001 1.701409e+001 1.501629e+001 1.297921e+001 1.361202e-001 2.938418e-001 4.413004e-001 6.146554e-001 8.086998e-001 9.946989e-001 1.123035e+000 1.231609e+000 1.266385e+000 1.243097e+000 1.172312e+000 1.060389e+000 7.951466e-002
<GCONST> 7.160168e+001
<TRANSP> 5
 0.000000e+000 1.000000e+000 0.000000e+000 0.000000e+000 0.000000e+000
 0.000000e+000 7.097633e-001 2.312517e-001 5.898498e-002 0.000000e+000
 0.000000e+000 0.000000e+000 8.648497e-001 1.351502e-001 0.000000e+000
 0.000000e+000 2.383710e-002 0.000000e+000 9.595878e-001 1.657512e-002
 0.000000e+000 0.000000e+000 0.000000e+000 0.000000e+000 0.000000e+000
<ENDHMM>
