~o
<STREAMINFO> 1 25
<VECSIZE> 25<NULLD><MFCC_D_N_Z_0><DIAGC>
~s "silst"
<MEAN> 25
 -5.336545e+000 -4.160302e-001 -3.313774e+000 3.109203e+000 3.216797e+000 -4.977649e-001 3.682601e+000 1.899874e-001 1.440136e+000 -1.716853e+000 5.513083e-001 2.693605e+000 -3.999233e-002 2.437232e-001 -3.148495e-002 1.941613e-002 3.060796e-002 4.585990e-002 3.521715e-002 -2.191255e-002 1.804581e-002 3.230385e-002 6.272720e-002 -3.387833e-002 -3.240262e-001
<VARIANCE> 25
 1.272086e+001 2.521579e+001 2.087601e+001 2.077843e+001 2.700813e+001 3.040477e+001 3.217126e+001 3.214563e+001 2.912418e+001 2.704219e+001 2.270209e+001 1.768760e+001 6.216829e-001 1.067897e+000 1.159364e+000 1.282060e+000 1.450326e+000 1.679481e+000 1.775299e+000 1.874624e+000 1.820840e+000 1.813024e+000 1.568311e+000 1.352930e+000 6.292273e-001
<GCONST> 8.766918e+001
~h "@"
<BEGINHMM>
<NUMSTATES> 5
<STATE> 2
<MEAN> 25
 3.414294e+000 -3.418630e-001 -3.930081e-001 -2.018507e+000 -1.675431e+000 -1.749770e+000 -4.387114e+000 -1.564378e+000 4.743991e-001 1.733658e+000 7.393400e-001 -1.038846e+000 2.169135e+000 -1.168765e+000 2.411971e-001 -1.740221e+000 -1.396846e+000 6.297870e-001 -2.265687e+000 1.104010e+000 6.616406e-001 9.840724e-001 5.502943e-001 -1.301063e+000 2.584626e+000
<VARIANCE> 25
 3.268053e+001 2.780291e+001 3.744072e+001 4.821191e+001 3.950200e+001 6.341007e+001 5.772911e+001 4.420248e+001 4.894282e+001 3.153454e+001 3.428450e+001 2.535043e+001 6.490524e+000 3.397456e+000 6.205997e+000 5.376925e+000 5.776914e+000 5.770087e+000 6.871805e+000 8.827279e+000 7.872499e+000 4.702558e+000 4.938526e+000 3.863693e+000 5.404466e+000
<GCONST> 1.124972e+002
<STATE> 3
<MEAN> 25
 5.885251e+000 -3.824220e+000 -4.121555e-001 -5.045314e+000 -3.659498e+000 2.195497e-001 -8.608595e+000 1.343964e+000 1.579756e+000 3.953986e+000 1.939058e+000 -3.220253e+000 1.118381e+000 -1.051772e+000 2.486404e-001 -8.914510e-001 -8.456196e-001 6.611938e-001 -1.377919e+000 1.106141e+000 4.665495e-001 8.526759e-001 2.696449e-001 -9.481267e-001 1.077553e+000
<VARIANCE> 25
 1.494867e+001 2.556171e+001 3.958657e+001 4.847270e+001 4.250903e+001 7.416397e+001 5.518349e+001 5.703303e+001 5.911544e+001 3.949529e+001 4.471166e+001 3.162887e+001 2.909155e+000 2.013967e+000 3.156465e+000 3.746102e+000 3.743263e+000 4.552906e+000 4.567022e+000 6.811810e+000 5.426679e+000 3.987420e+000 4.032648e+000 2.912273e+000 2.108415e+000
<GCONST> 1.073675e+002
<STATE> 4
<MEAN> 25
 5.245389e+000 -3.420679e+000 1.422361e+000 -3.524740e+000 -5.403586e+000 -7.114197e-001 -8.732329e+000 2.764496e+000 1.140672e+000 3.756340e+000 2.133310e+000 -3.630226e+000 1.111867e-001 2.178457e-001 1.791380e-001 3.401819e-001 1.160268e-001 4.241868e-002 2.984326e-001 -2.174674e-001 -1.560531e-001 -4.605107e-002 -1.422714e-001 5.696942e-002 -5.118961e-001
<VARIANCE> 25
 1.744482e+001 2.816555e+001 4.188586e+001 4.288380e+001 4.961017e+001 6.272044e+001 7.289986e+001 6.026316e+001 5.539689e+001 4.383344e+001 4.174390e+001 3.398500e+001 6.248566e-001 1.298873e+000 1.372163e+000 1.957362e+000 2.039851e+000 2.381665e+000 2.440475e+000 2.796210e+000 2.822836e+000 2.220080e+000 2.156266e+000 1.666773e+000 1.754113e+000
<GCONST> 9.907751e+001
<TRANSP> 5
 0.000000e+000 1.000000e+000 0.000000e+000 0.000000e+000 0.000000e+000
 0.000000e+000 2.230128e-001 7.769872e-001 0.000000e+000 0.000000e+000
 0.000000e+000 0.000000e+000 1.265440e-001 8.734560e-001 0.000000e+000
 0.000000e+000 0.000000e+000 0.000000e+000 7.013611e-001 2.986389e-001
 0.000000e+000 0.000000e+000 0.000000e+000 0.000000e+000 0.000000e+000
<ENDHMM>
~h "a"
<BEGINHMM>
<NUMSTATES> 5
<STATE> 2
<MEAN> 25
 4.652969e+000 -8.045379e+000 -3.456036e+000 -6.372916e+000 -1.561681e+000 2.038731e+000 -4.110107e+000 4.919149e+000 4.273712e+000 1.107173e+000 -1.967742e+000 -4.855122e+000 5.783064e-001 -2.013418e+000 -1.108558e+000 -1.109313e+000 5.840635e-001 1.459474e+000 -1.423211e-001 1.421700e+000 8.975363e-001 -4.726669e-001 -1.174912e+000 -1.464145e+000 1.868659e+000
<VARIANCE> 25
 1.628588e+001 2.679042e+001 3.447571e+001 3.735564e+001 4.998105e+001 6.768309e+001 4.699206e+001 7.014895e+001 4.376051e+001 4.106407e+001 4.272145e+001 3.105827e+001 2.422655e+000 2.323539e+000 2.718638e+000 3.235842e+000 4.001578e+000 3.697279e+000 4.389729e+000 6.128397e+000 4.085473e+000 3.748940e+000 3.832061e+000 2.867800e+000 3.863428e+000
<GCONST> 1.064638e+002
<STATE> 3
<MEAN> 25
 4.527925e+000 -1.141249e+001 -5.608603e+000 -7.045209e+000 1.446911e+000 5.402032e+000 -3.094209e+000 5.312559e+000 4.989224e+000 -1.332235e+000 -4.953810e+000 -6.586473e+000 -4.086413e-003 -1.817103e-001 -5.649828e-002 8.272383e-002 3.636746e-001 7.143748e-002 1.846227e-001 3.986217e-002 -6.291091e-002 -1.535867e-001 -3.286568e-001 -5.208660e-002 -1.214355e-002
<VARIANCE> 25
 8.019442e+000 1.744443e+001 2.159052e+001 2.162597e+001 3.161601e+001 4.423314e+001 3.038095e+001 5.160449e+001 3.170029e+001 3.183448e+001 3.145174e+001 2.529222e+001 2.980897e-001 6.769320e-001 7.909368e-001 9.483632e-001 1.342000e+000 1.930104e+000 1.437330e+000 1.950569e+000 1.293776e+000 1.458788e+000 1.511259e+000 1.150415e+000 4.231681e-001
<GCONST> 8.565317e+001
<STATE> 4
<MEAN> 25
 4.425397e+000 -8.057111e+000 -4.627104e+000 -5.340807e+000 1.699617e+000 2.399297e+000 -2.029898e+000 4.938466e+000 4.378594e+000 2.116743e-001 -4.600786e+000 -5.204698e+000 4.333427e-002 1.355904e+000 6.253751e-001 8.187945e-001 -1.011231e-001 -7.318951e-001 1.023564e-001 -4.390295e-001 -4.418831e-001 3.928591e-001 4.212606e-001 5.032508e-001 -1.937227e+000
<VARIANCE> 25
 1.423879e+001 2.624730e+001 2.514599e+001 3.379071e+001 4.470610e+001 5.050861e+001 4.082498e+001 5.385733e+001 3.701009e+001 4.096798e+001 3.956465e+001 3.306722e+001 1.027218e+000 1.840668e+000 1.788278e+000 2.149504e+000 2.564790e+000 2.976061e+000 3.015661e+000 3.655856e+000 2.789774e+000 2.769123e+000 2.573150e+000 2.258237e+000 2.828099e+000
<GCONST> 9.979361e+001
<TRANSP> 5
 0.000000e+000 1.000000e+000 0.000000e+000 0.000000e+000 0.000000e+000
 0.000000e+000 5.417976e-001 4.582024e-001 0.000000e+000 0.000000e+000
 0.000000e+000 0.000000e+000 7.599838e-001 2.400162e-001 0.000000e+000
 0.000000e+000 0.000000e+000 0.000000e+000 7.019607e-001 2.980393e-001
 0.000000e+000 0.000000e+000 0.000000e+000 0.000000e+000 0.000000e+000
<ENDHMM>
~h "b"
<BEGINHMM>
<NUMSTATES> 5
<STATE> 2
<MEAN> 25
 8.253088e+000 7.391249e+000 3.525333e+000 2.868225e+000 1.821738e+000 4.368068e+000 1.446542e+000 -5.463402e+000 -3.165685e+000 -5.881401e-001 4.668911e-001 -1.149361e+000 3.847632e-001 1.308440e+000 3.742447e-001 6.530992e-001 6.045891e-001 2.533902e-001 9.264387e-001 -3.026572e-001 -1.517664e-001 -2.406359e-001 -1.608882e-001 4.313239e-002 -1.314697e+000
<VARIANCE> 25
 3.691314e+001 3.438475e+001 2.516979e+001 3.161333e+001 2.984987e+001 3.083227e+001 3.864440e+001 3.641257e+001 3.929260e+001 2.565428e+001 3.135485e+001 2.410228e+001 1.894254e+000 2.371537e+000 1.989836e+000 2.674611e+000 2.470842e+000 2.657688e+000 3.107333e+000 2.997104e+000 3.067430e+000 2.350832e+000 2.476107e+000 1.912189e+000 4.610169e+000
<GCONST> 9.973626e+001
<STATE> 3
<MEAN> 25
 8.758034e+000 9.567004e+000 4.553200e+000 4.189322e+000 2.831211e+000 4.373147e+000 3.199050e+000 -5.990985e+000 -4.063741e+000 -1.342512e+000 7.509990e-001 -3.610359e-001 -1.205436e+000 -2.175654e+000 -1.492838e+000 -1.232623e+000 -3.645579e-001 -1.014121e+000 -1.656081e+000 6.452152e-001 9.148504e-001 3.352611e-001 1.203700e+000 6.589966e-001 3.431578e+000
<VARIANCE> 25
 2.529609e+001 2.459946e+001 1.791787e+001 2.392224e+001 2.743834e+001 2.995519e+001 2.751549e+001 3.284170e+001 3.415027e+001 2.110417e+001 2.881443e+001 2.123650e+001 1.731965e+000 2.682917e+000 3.130081e+000 5.190048e+000 3.675144e+000 3.427481e+000 3.730443e+000 3.348981e+000 4.694778e+000 3.559204e+000 3.529197e+000 2.546141e+000 4.550554e+000
<GCONST> 1.008653e+002
<STATE> 4
<MEAN> 25
 5.719860e+000 1.053353e+000 -1.476986e+000 -2.180792e+000 -1.538272e-001 2.478922e+000 -3.264814e+000 -5.019688e+000 -1.185005e-001 2.105405e+000 5.225823e+000 3.173703e-001 -5.911314e-001 -3.110518e+000 -1.476252e+000 -2.622110e+000 -1.850705e+000 -1.284936e-002 -2.661873e+000 1.216994e+000 1.894981e+000 1.272264e+000 5.873178e-001 -9.259876e-001 4.869853e+000
<VARIANCE> 25
 2.337486e+001 2.684303e+001 2.399332e+001 7.431966e+001 3.245710e+001 4.743790e+001 4.132147e+001 2.842952e+001 3.184068e+001 3.642898e+001 3.242685e+001 2.272949e+001 2.315495e+000 4.097650e+000 5.051037e+000 7.632575e+000 4.215625e+000 6.138368e+000 5.359150e+000 7.222404e+000 9.463357e+000 6.059044e+000 5.171299e+000 5.424084e+000 5.136059e+000
<GCONST> 1.097723e+002
<TRANSP> 5
 0.000000e+000 1.000000e+000 0.000000e+000 0.000000e+000 0.000000e+000
 0.000000e+000 7.878854e-001 2.121146e-001 0.000000e+000 0.000000e+000
 0.000000e+000 0.000000e+000 4.502165e-001 5.497835e-001 0.000000e+000
 0.000000e+000 0.000000e+000 0.000000e+000 3.476967e-001 6.523032e-001
 0.000000e+000 0.000000e+000 0.000000e+000 0.000000e+000 0.000000e+000
<ENDHMM>
~h "c"
<BEGINHMM>
<NUMSTATES> 5
<STATE> 2
<MEAN> 25
 -1.435999e+000 5.233390e+000 1.827859e+000 4.028228e+000 9.236796e-001 -4.340891e+000 1.706398e+000 -1.206400e-001 3.410527e-001 -1.936707e+000 -3.496157e-001 2.438843e+000 -1.373230e+000 1.102075e-001 -6.909797e-001 -2.027237e-001 5.454589e-001 1.324232e-001 5.002323e-001 -2.290983e-001 2.874862e-001 4.783818e-002 1.601070e-001 7.711305e-002 -1.315804e+000
<VARIANCE> 25
 2.407285e+001 3.190156e+001 3.487857e+001 2.261556e+001 3.832344e+001 4.120389e+001 4.386511e+001 3.991854e+001 3.627468e+001 2.759297e+001 2.318535e+001 2.159003e+001 3.869123e+000 4.415709e+000 2.601211e+000 2.831783e+000 3.613250e+000 2.836020e+000 3.266196e+000 3.280477e+000 3.063841e+000 2.666171e+000 2.259606e+000 2.176484e+000 8.916821e+000
<GCONST> 1.026330e+002
<STATE> 3
<MEAN> 25
 -1.553389e+001 1.857572e+000 -3.389446e+000 -1.797319e+000 3.543208e+000 -3.180261e+000 3.488226e+000 -9.593076e-001 1.427939e+000 1.507272e-001 2.199534e+000 3.855523e+000 -2.245309e+000 -5.403421e-001 -2.458553e-001 -1.085999e+000 -3.713078e-001 -3.306904e-001 1.235204e-001 3.625696e-001 2.364078e-001 1.337191e-002 4.320725e-001 5.030965e-001 3.966524e+000
<VARIANCE> 25
 3.396056e+001 2.282058e+001 2.683247e+001 2.975058e+001 2.732472e+001 3.621800e+001 3.775973e+001 2.910081e+001 2.452448e+001 2.335384e+001 1.678443e+001 1.461210e+001 6.450861e+000 2.349025e+000 3.825953e+000 3.278569e+000 3.163697e+000 3.318024e+000 3.176295e+000 3.277835e+000 2.779041e+000 2.403449e+000 2.162576e+000 1.628049e+000 5.582566e+000
<GCONST> 9.985311e+001
<STATE> 4
<MEAN> 25
 -1.037170e+001 1.090606e+000 1.081982e+000 -1.201517e+000 -7.822063e-001 -5.902486e+000 1.465799e+000 2.181299e+000 2.476832e+000 -2.100885e+000 2.724283e-001 3.750213e+000 5.404809e+000 -1.262061e+000 1.827152e+000 1.709833e-001 -1.692047e+000 -2.916035e-001 -2.400327e+000 1.112724e+000 2.371918e-001 -4.330376e-001 -1.149071e+000 -1.124023e+000 2.181394e+000
<VARIANCE> 25
 8.426974e+001 2.457659e+001 3.459430e+001 2.865881e+001 2.718308e+001 3.352047e+001 6.206858e+001 3.370985e+001 2.774589e+001 2.436285e+001 2.372473e+001 1.692698e+001 3.077436e+000 5.185316e+000 4.534214e+000 5.141005e+000 3.644914e+000 4.574730e+000 5.190864e+000 7.675677e+000 5.716059e+000 3.854397e+000 3.279869e+000 2.619446e+000 2.431594e+000
<GCONST> 1.060037e+002
<TRANSP> 5
 0.000000e+000 1.000000e+000 0.000000e+000 0.000000e+000 0.000000e+000
 0.000000e+000 8.499300e-001 1.500700e-001 0.000000e+000 0.000000e+000
 0.000000e+000 0.000000e+000 7.384093e-001 2.615906e-001 0.000000e+000
 0.000000e+000 0.000000e+000 0.000000e+000 6.011727e-001 3.988273e-001
 0.000000e+000 0.000000e+000 0.000000e+000 0.000000e+000 0.000000e+000
<ENDHMM>
~h "d"
<BEGINHMM>
<NUMSTATES> 5
<STATE> 2
<MEAN> 25
 4.850227e+000 4.203521e+000 5.126003e+000 6.394629e+000 3.519421e-001 -2.042516e+000 -1.422324e+000 -6.666495e-001 1.918132e+000 -1.574933e+000 -3.135514e+000 -6.106333e-001 5.136256e-001 1.124706e+000 6.837037e-001 9.220479e-001 6.608779e-001 -2.404180e-001 3.559679e-001 -1.643145e-001 3.385230e-001 -2.266873e-001 -4.074640e-001 -8.890134e-002 -1.218953e+000
<VARIANCE> 25
 4.974854e+001 4.266663e+001 4.282469e+001 3.286376e+001 3.868999e+001 3.639284e+001 5.308168e+001 6.034257e+001 3.818176e+001 3.507316e+001 3.296925e+001 2.742984e+001 2.390846e+000 3.090523e+000 2.582555e+000 2.781665e+000 3.367252e+000 2.709145e+000 3.701896e+000 4.621759e+000 3.217305e+000 2.864995e+000 2.920908e+000 2.141231e+000 5.600667e+000
<GCONST> 1.049851e+002
<STATE> 3
<MEAN> 25
 7.107846e+000 6.457690e+000 8.601806e+000 8.488873e+000 1.527785e+000 -2.939134e+000 -1.204555e+000 -1.022879e+000 2.171592e+000 -2.098131e+000 -3.677461e+000 -7.617292e-001 -1.966169e+000 -2.462286e+000 -7.663033e-002 -1.949669e+000 -5.003488e-001 -3.848020e-001 -6.636806e-001 9.311202e-001 -8.219180e-001 -4.095414e-002 1.608069e+000 1.242811e+000 3.676564e+000
<VARIANCE> 25
 2.647569e+001 3.129631e+001 3.010528e+001 2.759349e+001 3.118818e+001 3.629147e+001 4.409489e+001 4.463649e+001 3.370518e+001 3.395446e+001 2.906935e+001 2.607800e+001 1.884047e+000 2.868697e+000 3.679289e+000 3.086458e+000 4.857708e+000 4.010886e+000 5.325865e+000 7.177068e+000 5.368698e+000 3.831725e+000 3.108670e+000 2.730007e+000 4.277619e+000
<GCONST> 1.050248e+002
<STATE> 4
<MEAN> 25
 1.384346e+000 -2.991291e+000 6.567034e+000 9.766840e-001 -2.787570e+000 -4.739471e+000 -4.820020e+000 2.686228e+000 5.359833e-001 -1.217379e+000 1.455956e+000 3.037324e+000 -8.748375e-001 -2.406209e+000 -6.593840e-001 -2.271024e+000 -2.624684e+000 -3.127727e-001 -1.682550e+000 1.745208e+000 2.670653e-002 3.294323e-001 1.288463e+000 1.437005e-001 4.652719e+000
<VARIANCE> 25
 2.028028e+001 2.616986e+001 4.091418e+001 2.928324e+001 5.312504e+001 4.316290e+001 8.349088e+001 5.485999e+001 4.923606e+001 2.682618e+001 2.457866e+001 2.293262e+001 2.770710e+000 3.431699e+000 5.980180e+000 4.328328e+000 5.190517e+000 4.047658e+000 5.660211e+000 1.107251e+001 8.527927e+000 4.521723e+000 5.151203e+000 3.563170e+000 4.569868e+000
<GCONST> 1.097676e+002
<TRANSP> 5
 0.000000e+000 1.000000e+000 0.000000e+000 0.000000e+000 0.000000e+000
 0.000000e+000 7.875059e-001 2.124941e-001 0.000000e+000 0.000000e+000
 0.000000e+000 0.000000e+000 4.475569e-001 5.524431e-001 0.000000e+000
 0.000000e+000 0.000000e+000 0.000000e+000 3.704052e-001 6.295947e-001
 0.000000e+000 0.000000e+000 0.000000e+000 0.000000e+000 0.000000e+000
<ENDHMM>
~h "e"
<BEGINHMM>
<NUMSTATES> 5
<STATE> 2
<MEAN> 25
 2.200674e+000 -4.338743e+000 2.450283e+000 -3.382374e-001 -5.177410e+000 -4.925121e+000 -2.621157e+000 3.240236e+000 9.001037e-001 7.206726e-001 1.078416e+000 -8.363245e-001 7.877491e-001 -1.823055e+000 1.077026e+000 -9.486314e-001 -2.045199e+000 -5.771221e-001 -5.789230e-001 2.290272e+000 -1.842860e-001 -2.009239e-001 2.103914e-001 -3.180399e-001 2.641672e+000
<VARIANCE> 25
 3.694817e+001 4.785182e+001 4.569521e+001 3.953153e+001 4.839954e+001 4.596568e+001 6.363654e+001 6.825806e+001 5.114249e+001 3.836461e+001 3.969380e+001 2.956891e+001 4.320940e+000 3.747314e+000 3.989278e+000 4.593540e+000 5.464180e+000 4.916747e+000 6.140628e+000 7.814219e+000 6.634014e+000 4.797045e+000 4.773241e+000 3.141087e+000 7.401433e+000
<GCONST> 1.126812e+002
<STATE> 3
<MEAN> 25
 3.807072e+000 -7.812967e+000 5.318425e+000 -1.939991e+000 -1.028772e+001 -5.420587e+000 -3.308408e+000 7.823120e+000 4.402828e-002 -2.472878e-002 2.947968e+000 -1.011678e+000 -1.594704e-001 -2.012294e-001 5.992576e-001 -3.179663e-001 -8.763421e-001 -1.080554e-001 5.869995e-001 6.811301e-001 -4.115591e-001 2.216682e-002 4.027541e-001 6.286746e-003 3.324831e-001
<VARIANCE> 25
 1.441280e+001 3.532359e+001 4.357623e+001 3.686384e+001 4.827460e+001 4.603831e+001 5.878043e+001 7.250227e+001 5.856739e+001 3.918514e+001 4.929280e+001 3.287019e+001 1.092119e+000 1.894387e+000 2.043298e+000 2.216902e+000 3.125005e+000 2.775484e+000 3.596572e+000 3.785985e+000 3.585992e+000 2.725923e+000 2.548210e+000 2.088113e+000 3.982514e+000
<GCONST> 1.030966e+002
<STATE> 4
<MEAN> 25
 2.496891e+000 -6.788726e+000 7.199106e+000 -2.912974e+000 -1.132018e+001 -6.803972e+000 2.513759e-001 7.660178e+000 -1.987701e+000 6.303567e-001 3.325776e+000 -8.188934e-001 4.588472e-002 3.282604e-001 -2.461974e-001 2.548168e-001 5.170186e-001 8.706463e-002 7.826900e-002 -3.172905e-001 6.808210e-002 5.180976e-002 -3.056183e-001 -4.933643e-002 -5.296816e-001
<VARIANCE> 25
 1.106033e+001 3.306929e+001 4.377880e+001 3.060867e+001 4.182352e+001 4.402701e+001 5.123599e+001 6.224472e+001 5.045302e+001 3.562053e+001 3.876184e+001 2.602968e+001 5.081999e-001 9.933301e-001 1.138717e+000 1.312934e+000 1.785567e+000 1.467695e+000 1.986708e+000 1.921293e+000 1.787449e+000 1.503833e+000 1.508769e+000 1.171672e+000 1.579985e+000
<GCONST> 9.308318e+001
<TRANSP> 5
 0.000000e+000 1.000000e+000 0.000000e+000 0.000000e+000 0.000000e+000
 0.000000e+000 5.189896e-001 4.810104e-001 0.000000e+000 0.000000e+000
 0.000000e+000 0.000000e+000 5.398961e-001 4.601039e-001 0.000000e+000
 0.000000e+000 0.000000e+000 0.000000e+000 8.358818e-001 1.641182e-001
 0.000000e+000 0.000000e+000 0.000000e+000 0.000000e+000 0.000000e+000
<ENDHMM>
~h "f"
<BEGINHMM>
<NUMSTATES> 5
<STATE> 2
<MEAN> 25
 -1.206042e+000 2.096190e+000 -4.533943e-001 3.591092e+000 2.433244e+000 9.120715e-001 2.737808e+000 -5.580522e-001 6.779329e-001 1.510946e-001 5.022023e-001 1.165743e+000 -3.291169e+000 8.812042e-002 -6.748096e-001 1.529289e+000 8.460550e-001 -6.838385e-001 6.900395e-001 3.215773e-001 9.406626e-001 -1.213789e-001 4.605562e-002 4.786130e-001 -1.422130e+000
<VARIANCE> 25
 4.433788e+001 2.465842e+001 3.382513e+001 4.398205e+001 3.273798e+001 5.108767e+001 3.371430e+001 3.832858e+001 3.277406e+001 2.585164e+001 2.379488e+001 2.173982e+001 3.261820e+000 4.148349e+000 3.335742e+000 5.082581e+000 4.856982e+000 5.879177e+000 5.024507e+000 4.491254e+000 3.907130e+000 3.324681e+000 2.810009e+000 2.486849e+000 2.425291e+000
<GCONST> 1.051238e+002
<STATE> 3
<MEAN> 25
 -1.019412e+001 -1.322744e+000 -3.947240e+000 4.050661e+000 2.519032e+000 -6.816166e-001 2.332443e+000 4.172816e-001 2.132444e+000 -5.680914e-002 1.071764e+000 2.856133e+000 -3.609085e-001 -3.141394e-001 -2.151115e-001 -4.775974e-002 1.086347e-002 -8.254614e-003 6.703928e-003 4.133131e-002 3.847023e-002 2.168564e-002 5.529850e-002 4.595000e-002 -1.323722e-001
<VARIANCE> 25
 2.894886e+001 2.093154e+001 1.807875e+001 1.779649e+001 2.197020e+001 2.539662e+001 2.560762e+001 2.352816e+001 2.341631e+001 2.138484e+001 1.651584e+001 1.508541e+001 1.530980e+000 1.126554e+000 1.298203e+000 1.241125e+000 1.356233e+000 1.535368e+000 1.557316e+000 1.569425e+000 1.554872e+000 1.538770e+000 1.364438e+000 1.267801e+000 1.149567e+000
<GCONST> 8.679602e+001
<STATE> 4
<MEAN> 25
 -8.093030e+000 -1.866962e+000 -4.200414e+000 3.073841e+000 2.943338e+000 -3.777806e-001 2.711870e+000 2.951083e-001 2.007169e+000 3.582557e-001 1.221922e+000 2.042792e+000 3.111397e+000 6.176277e-001 4.631859e-001 -1.154226e+000 -6.676580e-001 5.355351e-001 -5.049164e-001 -3.040356e-001 -6.178283e-001 -2.282152e-001 -7.993315e-002 -7.350920e-001 1.013259e+000
<VARIANCE> 25
 4.756700e+001 2.665787e+001 2.866081e+001 3.331382e+001 3.079895e+001 3.656448e+001 2.771082e+001 3.000163e+001 2.716339e+001 2.273189e+001 2.006202e+001 1.793189e+001 7.044369e+000 3.684110e+000 3.889441e+000 6.057584e+000 3.870685e+000 5.000675e+000 3.875163e+000 3.511963e+000 3.385900e+000 2.833426e+000 2.511950e+000 2.347047e+000 5.958330e+000
<GCONST> 1.038241e+002
<TRANSP> 5
 0.000000e+000 1.000000e+000 0.000000e+000 0.000000e+000 0.000000e+000
 0.000000e+000 6.939026e-001 3.060975e-001 0.000000e+000 0.000000e+000
 0.000000e+000 0.000000e+000 8.942461e-001 1.057539e-001 0.000000e+000
 0.000000e+000 0.000000e+000 0.000000e+000 6.739237e-001 3.260763e-001
 0.000000e+000 0.000000e+000 0.000000e+000 0.000000e+000 0.000000e+000
<ENDHMM>
~h "g"
<BEGINHMM>
<NUMSTATES> 5
<STATE> 2
<MEAN> 25
 7.510367e+000 5.108094e+000 6.507110e+000 4.247657e+000 -1.727766e+000 -3.789595e+000 -9.997233e-001 -1.489231e+000 -3.752720e+000 2.288754e+000 -1.404181e-002 -2.477819e+000 3.321469e-001 1.532555e+000 6.762583e-001 1.211107e+000 4.628986e-001 -3.910379e-001 9.980278e-001 -5.711715e-001 8.058211e-002 -4.251373e-001 -2.085907e-001 1.376047e-001 -2.186388e+000
<VARIANCE> 25
 2.076255e+001 4.502254e+001 4.065923e+001 3.576550e+001 5.100193e+001 5.295210e+001 5.387814e+001 5.424625e+001 4.869257e+001 3.982127e+001 3.488438e+001 2.809634e+001 1.986617e+000 2.418952e+000 3.249493e+000 2.953857e+000 4.029741e+000 3.788310e+000 3.784863e+000 4.136408e+000 4.966605e+000 3.130516e+000 2.706426e+000 2.462790e+000 4.522083e+000
<GCONST> 1.058662e+002
<STATE> 3
<MEAN> 25
 3.123100e+000 5.538722e+000 4.414862e+000 6.855879e+000 2.213811e+000 -3.603998e+000 1.912114e+000 -2.219093e+000 -2.177896e+000 1.099061e+000 -1.191793e+000 4.432040e-001 -2.155413e+000 -2.131881e+000 -1.901305e+000 -6.442662e-001 1.397898e+000 -6.663290e-001 -7.003124e-001 8.866545e-001 4.618268e-002 1.146519e-001 5.664708e-002 1.221965e+000 3.032129e+000
<VARIANCE> 25
 4.128109e+001 5.142846e+001 6.146089e+001 2.961931e+001 6.034445e+001 4.730982e+001 3.935499e+001 3.651619e+001 4.031559e+001 2.976050e+001 2.414697e+001 2.628049e+001 2.233462e+000 3.779231e+000 5.652369e+000 3.920477e+000 6.527814e+000 4.952034e+000 4.230803e+000 4.912228e+000 4.631727e+000 3.394700e+000 3.333116e+000 2.912153e+000 5.366621e+000
<GCONST> 1.083339e+002
<STATE> 4
<MEAN> 25
 2.148888e-001 -4.461310e-001 1.287076e+000 1.891431e+000 -7.254692e-001 -6.837689e+000 -2.484858e+000 1.526262e+000 -2.352371e+000 2.456794e+000 1.679760e+000 2.004428e+000 3.474429e-001 -9.565300e-001 3.674722e-001 -1.988259e+000 -2.419901e+000 -1.777200e-002 -1.288563e+000 1.370416e+000 3.662817e-001 2.798492e-001 9.923993e-001 -6.293507e-001 2.650907e+000
<VARIANCE> 25
 2.438923e+001 3.055671e+001 7.008942e+001 3.102075e+001 8.147057e+001 5.642231e+001 5.477000e+001 4.687969e+001 4.162147e+001 3.231923e+001 3.289939e+001 2.255811e+001 2.650110e+000 3.466207e+000 5.614320e+000 3.693623e+000 6.900291e+000 4.310169e+000 4.330133e+000 6.294212e+000 6.327125e+000 3.920647e+000 4.180109e+000 3.255610e+000 3.677779e+000
<GCONST> 1.094142e+002
<TRANSP> 5
 0.000000e+000 1.000000e+000 0.000000e+000 0.000000e+000 0.000000e+000
 0.000000e+000 7.362592e-001 2.637407e-001 0.000000e+000 0.000000e+000
 0.000000e+000 0.000000e+000 6.029379e-001 3.970622e-001 0.000000e+000
 0.000000e+000 0.000000e+000 0.000000e+000 5.444330e-001 4.555670e-001
 0.000000e+000 0.000000e+000 0.000000e+000 0.000000e+000 0.000000e+000
<ENDHMM>
~h "h"
<BEGINHMM>
<NUMSTATES> 5
<STATE> 2
<MEAN> 25
 2.150467e+000 -2.129201e+000 -1.745776e+000 5.742258e-001 5.632601e+000 4.300353e+000 3.373789e+000 2.901844e+000 9.898093e-001 -2.686751e-001 -2.712059e+000 2.302851e-001 -1.107259e+000 3.724516e-001 5.833099e-003 1.611382e+000 2.027682e+000 4.901064e-001 1.670897e+000 1.249287e-001 5.577065e-001 -3.774242e-001 -5.484853e-002 8.611813e-001 -1.265615e+000
<VARIANCE> 25
 1.693904e+001 3.265836e+001 4.292948e+001 3.941784e+001 5.147342e+001 5.987377e+001 4.857736e+001 5.027436e+001 3.922998e+001 3.938441e+001 4.395639e+001 3.904752e+001 1.558032e+000 3.162982e+000 3.127245e+000 3.495458e+000 3.582853e+000 3.605125e+000 4.569984e+000 4.164864e+000 3.577386e+000 3.123514e+000 3.332947e+000 3.165024e+000 1.923382e+000
<GCONST> 1.052361e+002
<STATE> 3
<MEAN> 25
 -1.547935e+000 -3.276937e+000 -2.015718e+000 3.385875e+000 8.608130e+000 3.992918e+000 6.504670e+000 3.857936e+000 2.270030e+000 -1.094260e+000 -2.480793e+000 1.615304e+000 -5.809813e-001 -1.498493e-001 -3.147330e-001 -3.518078e-002 -7.853918e-002 -2.693835e-001 6.597770e-003 -1.413240e-001 7.673280e-002 -4.896798e-002 2.273782e-001 1.276923e-001 -1.152244e+000
<VARIANCE> 25
 2.015793e+001 3.005974e+001 3.561572e+001 3.625709e+001 5.585170e+001 4.883753e+001 5.336841e+001 4.482714e+001 3.938762e+001 3.828040e+001 3.466137e+001 3.234875e+001 1.555408e+000 2.336348e+000 2.566653e+000 2.531245e+000 2.955285e+000 3.037320e+000 3.167321e+000 3.336009e+000 2.748457e+000 2.583060e+000 2.539750e+000 2.132406e+000 2.964431e+000
<GCONST> 1.019988e+002
<STATE> 4
<MEAN> 25
 -3.372169e+000 -3.836364e+000 -5.174981e+000 1.051587e+000 5.566784e+000 2.678882e+000 3.472125e+000 1.181591e+000 1.904333e+000 -1.631354e+000 -9.217023e-001 1.220770e+000 2.220795e-001 2.025322e-001 4.616062e-002 -1.230888e-001 -3.299841e-001 -6.858610e-002 -1.503626e-001 -1.602181e-001 -1.119239e-001 4.139964e-002 -8.207647e-003 -1.441503e-001 -8.908918e-002
<VARIANCE> 25
 2.408289e+001 4.834192e+001 3.079666e+001 2.744281e+001 3.963926e+001 3.832487e+001 3.538910e+001 3.095602e+001 2.905637e+001 2.737618e+001 2.434813e+001 2.360849e+001 1.555896e+000 2.003151e+000 1.621995e+000 1.614058e+000 1.957954e+000 2.013609e+000 2.144960e+000 2.031914e+000 1.959825e+000 1.886789e+000 1.746467e+000 1.693494e+000 2.271683e+000
<GCONST> 9.525986e+001
<TRANSP> 5
 0.000000e+000 1.000000e+000 0.000000e+000 0.000000e+000 0.000000e+000
 0.000000e+000 4.966607e-001 5.033393e-001 0.000000e+000 0.000000e+000
 0.000000e+000 0.000000e+000 5.974736e-001 4.025264e-001 0.000000e+000
 0.000000e+000 0.000000e+000 0.000000e+000 8.345417e-001 1.654582e-001
 0.000000e+000 0.000000e+000 0.000000e+000 0.000000e+000 0.000000e+000
<ENDHMM>
~h "i"
<BEGINHMM>
<NUMSTATES> 5
<STATE> 2
<MEAN> 25
 -5.357549e-001 1.533852e+000 1.248476e+001 2.523409e+000 -7.806553e+000 -5.536422e+000 -2.792339e+000 -2.473873e+000 -6.731887e+000 -2.120900e+000 3.117163e+000 9.955782e-001 7.153836e-001 -7.030495e-002 3.003130e+000 -5.125719e-001 -2.857911e+000 2.248794e-001 -1.650846e+000 -3.014995e-001 -2.032620e+000 -1.895868e-001 1.119416e+000 -3.260505e-001 1.817748e+000
<VARIANCE> 25
 2.861195e+001 3.269992e+001 5.082370e+001 3.601812e+001 4.636227e+001 4.113338e+001 5.113646e+001 5.111535e+001 4.630503e+001 3.323461e+001 2.851945e+001 2.678963e+001 5.514444e+000 3.032133e+000 4.941583e+000 4.774525e+000 4.441598e+000 4.879796e+000 6.042285e+000 6.114518e+000 6.220239e+000 4.764001e+000 3.160606e+000 3.434756e+000 4.176071e+000
<GCONST> 1.095660e+002
<STATE> 3
<MEAN> 25
 2.336692e-001 2.082764e+000 1.840253e+001 -5.130817e-001 -1.306247e+001 -2.317879e+000 -6.701316e+000 -3.697009e+000 -9.971916e+000 -1.386247e+000 4.887806e+000 -2.766998e-001 7.212113e-002 2.256093e-002 5.425625e-002 -1.846939e-001 -2.541819e-001 1.218728e-001 -7.151264e-002 2.860155e-002 -2.147183e-002 1.924593e-001 7.679394e-002 -3.893460e-002 2.127545e-002
<VARIANCE> 25
 1.118854e+001 2.434886e+001 3.357863e+001 4.144465e+001 2.573372e+001 4.010495e+001 2.880529e+001 5.209108e+001 4.328318e+001 4.597148e+001 2.968433e+001 3.284187e+001 5.093623e-001 1.104498e+000 1.436584e+000 1.290348e+000 1.547194e+000 1.836791e+000 1.663770e+000 2.151816e+000 1.656508e+000 1.481304e+000 1.208314e+000 1.104339e+000 7.525467e-001
<GCONST> 9.078715e+001
<STATE> 4
<MEAN> 25
 9.270171e-001 3.151427e+000 1.325711e+001 1.726947e+000 -8.950770e+000 -4.239423e+000 -2.281017e+000 -2.744243e+000 -6.283476e+000 -7.051788e-001 3.149163e+000 6.252973e-001 2.367091e-001 3.977189e-001 -1.697545e+000 6.551370e-001 1.591314e+000 -2.242158e-001 1.003818e+000 2.308184e-001 1.213086e+000 1.986844e-003 -6.978467e-001 1.662487e-001 -1.873910e+000
<VARIANCE> 25
 1.717293e+001 3.215990e+001 4.137649e+001 3.549671e+001 4.506152e+001 5.209457e+001 4.418867e+001 5.125359e+001 4.392313e+001 3.902993e+001 3.231116e+001 2.972904e+001 1.878675e+000 2.471330e+000 2.414145e+000 2.693786e+000 3.337468e+000 3.371552e+000 3.820374e+000 4.266168e+000 3.927662e+000 3.110176e+000 2.562316e+000 2.228301e+000 3.807489e+000
<GCONST> 1.035549e+002
<TRANSP> 5
 0.000000e+000 1.000000e+000 0.000000e+000 0.000000e+000 0.000000e+000
 0.000000e+000 6.261150e-001 3.738850e-001 0.000000e+000 0.000000e+000
 0.000000e+000 0.000000e+000 7.854858e-001 2.145142e-001 0.000000e+000
 0.000000e+000 0.000000e+000 0.000000e+000 7.556075e-001 2.443924e-001
 0.000000e+000 0.000000e+000 0.000000e+000 0.000000e+000 0.000000e+000
<ENDHMM>
~h "j"
<BEGINHMM>
<NUMSTATES> 5
<STATE> 2
<MEAN> 25
 3.329635e+000 7.666656e+000 8.022347e+000 5.690508e+000 -1.315758e+000 -3.310893e+000 3.713931e-001 8.975597e-001 -9.606113e-001 -3.189740e+000 2.432530e-001 1.594880e+000 -3.028378e-001 1.271707e+000 2.593592e-001 3.462832e-001 7.996771e-001 1.099725e-001 9.495963e-001 -1.913324e-002 4.930174e-001 -4.331962e-002 -1.762615e-001 -2.076506e-002 -1.316230e+000
<VARIANCE> 25
 3.273131e+001 3.958686e+001 4.442786e+001 2.535991e+001 3.485524e+001 4.482632e+001 4.469030e+001 3.815211e+001 3.976059e+001 2.843690e+001 2.464585e+001 2.175960e+001 4.198457e+000 2.810175e+000 2.863954e+000 2.638468e+000 3.226385e+000 2.890598e+000 3.602011e+000 3.552654e+000 3.599670e+000 2.733528e+000 2.280145e+000 2.128120e+000 5.617808e+000
<GCONST> 1.031156e+002
<STATE> 3
<MEAN> 25
 -7.471624e+000 8.528895e+000 6.287580e+000 3.819293e+000 2.723065e+000 -3.093878e+000 2.557275e+000 -1.390113e+000 -5.050502e-001 -1.965916e+000 1.558945e+000 3.507817e+000 -1.164987e+000 -1.314614e+000 4.131070e-001 -6.059232e-001 -1.288966e+000 -9.252986e-001 -1.123229e+000 -3.217531e-001 -5.384920e-001 -1.529520e-001 7.445471e-001 8.389689e-001 3.315068e+000
<VARIANCE> 25
 4.683250e+001 3.961515e+001 4.738256e+001 2.581157e+001 3.704067e+001 4.595948e+001 3.560959e+001 2.701232e+001 2.484933e+001 2.230783e+001 1.882462e+001 1.727378e+001 1.141344e+001 3.631369e+000 4.938832e+000 3.653476e+000 7.709560e+000 4.063363e+000 4.134804e+000 4.129385e+000 3.644965e+000 2.527751e+000 2.130959e+000 2.143460e+000 3.390719e+000
<GCONST> 1.048526e+002
<STATE> 4
<MEAN> 25
 5.951601e-001 -5.876036e-001 1.030316e+001 3.589702e-001 -9.797071e+000 -8.444357e+000 -6.309174e+000 2.918866e+000 -1.030252e+000 -2.630997e+000 4.675972e+000 4.936840e+000 2.347248e+000 -2.872991e+000 -1.136148e+000 -1.388613e+000 -1.565843e+000 4.094968e-001 -1.558676e+000 2.338853e+000 1.159869e+000 7.913647e-001 -3.097043e-001 -1.318252e+000 1.476112e+000
<VARIANCE> 25
 1.194759e+001 2.790568e+001 2.653475e+001 3.556385e+001 2.451114e+001 2.030424e+001 3.351244e+001 5.545220e+001 4.825138e+001 2.302434e+001 2.011419e+001 1.884680e+001 2.540699e+000 2.649827e+000 4.837461e+000 2.299228e+000 5.985695e+000 3.404157e+000 6.177216e+000 6.465294e+000 5.481902e+000 2.941619e+000 3.702197e+000 2.506188e+000 1.170665e+000
<GCONST> 1.014775e+002
<TRANSP> 5
 0.000000e+000 1.000000e+000 0.000000e+000 0.000000e+000 0.000000e+000
 0.000000e+000 8.298733e-001 1.701267e-001 0.000000e+000 0.000000e+000
 0.000000e+000 0.000000e+000 7.825842e-001 2.174158e-001 0.000000e+000
 0.000000e+000 0.000000e+000 0.000000e+000 6.027620e-001 3.972380e-001
 0.000000e+000 0.000000e+000 0.000000e+000 0.000000e+000 0.000000e+000
<ENDHMM>
~h "k"
<BEGINHMM>
<NUMSTATES> 5
<STATE> 2
<MEAN> 25
 -1.037349e+000 2.721425e+000 -1.533212e+000 1.598184e+000 1.278325e+000 -1.773275e+000 1.994797e+000 -5.340093e-001 3.102477e-001 2.718138e-001 -4.284444e-001 7.570643e-001 -8.044000e-001 -5.788073e-002 -4.980837e-001 2.973849e-001 3.223897e-001 -1.495819e-001 2.669578e-001 1.423788e-002 2.962310e-001 -1.530647e-001 -2.186924e-002 3.846602e-001 -1.156386e+000
<VARIANCE> 25
 2.979867e+001 3.055078e+001 3.485905e+001 3.281779e+001 3.961169e+001 4.254703e+001 3.881741e+001 4.222267e+001 3.848880e+001 3.294217e+001 2.864633e+001 2.620091e+001 2.034447e+000 2.958520e+000 2.812397e+000 2.659824e+000 3.524550e+000 3.307503e+000 3.232252e+000 3.196917e+000 3.253548e+000 2.739761e+000 2.343953e+000 2.078590e+000 6.352027e+000
<GCONST> 1.026190e+002
<STATE> 3
<MEAN> 25
 -5.350908e+000 -2.511015e+000 -6.612618e+000 1.298517e+000 4.838473e+000 -4.116282e+000 1.380837e+000 4.233723e-001 8.923122e-001 1.642840e+000 -1.002551e+000 3.005871e+000 -7.827651e-001 -2.185119e+000 -2.182364e+000 -9.742451e-001 1.363452e+000 -8.917966e-001 -1.012706e+000 7.855764e-001 -9.679835e-002 9.045300e-001 -5.249729e-001 2.656683e-001 4.759075e+000
<VARIANCE> 25
 2.470844e+001 5.697661e+001 5.889662e+001 4.430441e+001 5.051159e+001 4.980057e+001 4.472228e+001 3.932828e+001 3.692696e+001 3.182406e+001 2.446611e+001 2.450609e+001 3.403196e+000 4.585926e+000 5.903850e+000 5.244196e+000 5.662519e+000 5.284731e+000 4.760806e+000 4.532135e+000 4.325881e+000 3.513423e+000 3.526874e+000 3.130162e+000 8.177608e+000
<GCONST> 1.097064e+002
<STATE> 4
<MEAN> 25
 -3.626760e+000 -2.652302e+000 -7.790326e+000 -2.210640e+000 4.637650e+000 -4.755236e+000 -4.680929e-001 2.004039e+000 4.634283e-001 2.949666e+000 -2.108634e+000 7.528354e-001 1.997329e+000 6.105621e-001 1.643979e+000 -9.208927e-001 -1.695977e+000 6.492100e-001 -3.967900e-001 4.306261e-001 -3.391075e-001 -3.482176e-001 2.851701e-001 -1.437546e+000 2.684125e+000
<VARIANCE> 25
 3.763338e+001 3.560228e+001 6.041549e+001 5.059486e+001 5.358466e+001 6.041770e+001 4.699773e+001 4.465527e+001 4.214418e+001 3.240623e+001 3.158470e+001 3.431264e+001 4.262434e+000 4.565687e+000 4.952093e+000 5.613125e+000 5.286728e+000 5.262895e+000 4.972807e+000 5.403826e+000 4.681929e+000 3.489814e+000 3.797131e+000 3.787481e+000 6.934610e+000
<GCONST> 1.114179e+002
<TRANSP> 5
 0.000000e+000 1.000000e+000 0.000000e+000 0.000000e+000 0.000000e+000
 0.000000e+000 8.163607e-001 1.836393e-001 0.000000e+000 0.000000e+000
 0.000000e+000 0.000000e+000 5.677682e-001 4.322318e-001 0.000000e+000
 0.000000e+000 0.000000e+000 0.000000e+000 5.462474e-001 4.537525e-001
 0.000000e+000 0.000000e+000 0.000000e+000 0.000000e+000 0.000000e+000
<ENDHMM>
~h "l"
<BEGINHMM>
<NUMSTATES> 5
<STATE> 2
<MEAN> 25
 6.221982e+000 -4.392524e+000 1.165999e+000 -5.355793e+000 -2.099238e+000 1.440928e+000 -8.145484e+000 -4.006095e+000 2.983284e+000 4.152004e+000 1.105833e+000 -2.402050e+000 5.696702e-001 1.894722e-001 6.814911e-001 -5.987288e-001 8.064803e-001 -1.851398e-002 -1.441128e+000 -1.446119e+000 3.692362e-003 1.110581e+000 3.472991e-001 -2.865458e-001 -3.557613e-001
<VARIANCE> 25
 1.687106e+001 2.550726e+001 4.703904e+001 6.214906e+001 5.114500e+001 6.256926e+001 6.778458e+001 9.480765e+001 5.287037e+001 4.619215e+001 4.372837e+001 3.784208e+001 1.125595e+000 1.899729e+000 2.768447e+000 4.582486e+000 5.045534e+000 5.699400e+000 4.803622e+000 5.681411e+000 4.394237e+000 3.919813e+000 4.247329e+000 3.129852e+000 1.561071e+000
<GCONST> 1.078882e+002
<STATE> 3
<MEAN> 25
 7.519009e+000 -3.935304e+000 2.231860e+000 -8.206693e+000 -1.060073e+000 3.334771e+000 -1.065988e+001 -6.271921e+000 2.389247e+000 6.432528e+000 2.654674e+000 -3.294946e+000 -2.533323e-002 1.938961e-001 3.086351e-002 -1.973128e-001 3.075840e-001 -6.259087e-003 -2.508952e-001 -2.730739e-002 -7.792516e-002 -9.738677e-003 6.472813e-002 4.913853e-002 -1.359092e-001
<VARIANCE> 25
 1.070219e+001 2.011785e+001 4.144795e+001 6.701305e+001 4.745033e+001 5.174754e+001 6.391390e+001 7.234126e+001 5.098600e+001 4.426594e+001 3.949789e+001 3.581461e+001 3.837674e-001 9.237201e-001 1.795235e+000 2.416573e+000 1.670589e+000 2.389588e+000 2.386490e+000 3.246000e+000 2.355399e+000 2.204212e+000 2.111267e+000 1.623759e+000 6.612437e-001
<GCONST> 9.679711e+001
<STATE> 4
<MEAN> 25
 5.602623e+000 -2.342084e+000 4.709818e-001 -6.442322e+000 1.040519e+000 2.072974e+000 -7.753202e+000 -3.829135e+000 2.107891e+000 4.138618e+000 7.927185e-001 -2.146709e+000 -5.561637e-001 -1.922141e-001 -5.650312e-001 7.288510e-001 -2.224772e-001 -1.230424e-001 1.200093e+000 1.239715e+000 2.150874e-001 -9.194614e-001 -8.087389e-001 1.059665e-001 -7.527912e-002
<VARIANCE> 25
 1.898747e+001 3.061240e+001 5.999866e+001 7.162151e+001 5.398123e+001 5.531870e+001 8.578252e+001 7.296722e+001 5.432016e+001 5.262440e+001 4.531961e+001 3.891453e+001 8.961132e-001 2.684412e+000 3.014121e+000 4.445830e+000 3.930934e+000 4.647218e+000 4.536798e+000 5.886848e+000 4.406241e+000 3.841016e+000 4.184652e+000 3.033002e+000 3.164872e+000
<GCONST> 1.090396e+002
<TRANSP> 5
 0.000000e+000 1.000000e+000 0.000000e+000 0.000000e+000 0.000000e+000
 0.000000e+000 4.464008e-001 5.535992e-001 0.000000e+000 0.000000e+000
 0.000000e+000 0.000000e+000 6.206639e-001 3.793361e-001 0.000000e+000
 0.000000e+000 0.000000e+000 0.000000e+000 5.042380e-001 4.957620e-001
 0.000000e+000 0.000000e+000 0.000000e+000 0.000000e+000 0.000000e+000
<ENDHMM>
~h "m"
<BEGINHMM>
<NUMSTATES> 5
<STATE> 2
<MEAN> 25
 7.154716e+000 -6.874965e-001 1.613969e+000 1.150139e-001 -7.055016e-001 4.451473e+000 -1.783893e-001 -6.238650e+000 -6.173453e+000 8.020598e-001 5.748117e-001 -1.875223e+000 4.852197e-001 1.175748e+000 1.772527e+000 2.067049e+000 2.830066e-001 3.605442e-002 9.983315e-001 -2.881167e+000 -2.798632e+000 -6.281945e-002 -5.978329e-001 7.905271e-001 -7.415349e-001
<VARIANCE> 25
 2.686032e+001 3.529078e+001 3.358642e+001 6.039766e+001 3.636969e+001 4.729123e+001 5.647777e+001 6.178841e+001 5.453025e+001 3.660715e+001 4.126984e+001 3.771768e+001 2.047436e+000 2.316822e+000 3.176901e+000 3.847180e+000 3.117071e+000 3.546979e+000 5.322031e+000 4.790431e+000 5.396746e+000 3.919053e+000 5.426765e+000 3.956198e+000 4.466775e+000
<GCONST> 1.082896e+002
<STATE> 3
<MEAN> 25
 7.744684e+000 7.775024e-001 6.486680e+000 3.462900e+000 -5.261683e-001 5.062663e+000 -4.214329e-002 -1.133015e+001 -1.196342e+001 3.315429e-001 -1.408492e+000 1.477246e-001 -3.992383e-002 1.617374e-001 2.508762e-001 2.073276e-001 8.844449e-002 1.096302e-001 2.249940e-001 -2.806531e-001 -3.602468e-001 -1.896136e-001 -2.437693e-001 2.167721e-001 -6.461661e-002
<VARIANCE> 25
 8.521753e+000 2.061840e+001 2.172178e+001 3.616415e+001 3.461616e+001 5.251689e+001 6.355571e+001 4.360919e+001 3.737955e+001 4.815248e+001 4.629903e+001 3.925862e+001 4.198256e-001 9.151547e-001 9.014952e-001 1.351924e+000 1.340646e+000 1.412875e+000 1.536244e+000 1.711032e+000 1.999497e+000 1.599071e+000 1.889243e+000 1.337242e+000 1.170621e+000
<GCONST> 9.130865e+001
<STATE> 4
<MEAN> 25
 7.292613e+000 1.177724e+000 4.623210e+000 1.739784e+000 -1.253284e+000 4.734298e+000 1.824530e+000 -9.545835e+000 -9.743346e+000 -8.831418e-001 -1.834883e+000 -1.897386e-001 -2.101017e-002 -4.155418e-001 -1.452102e+000 -1.459695e+000 -3.493408e-001 1.296608e-002 -4.328246e-001 1.813744e+000 1.813724e+000 1.811062e-001 7.707523e-001 -7.631022e-001 6.948176e-001
<VARIANCE> 25
 1.188792e+001 2.284813e+001 3.115071e+001 4.297787e+001 4.029442e+001 4.539505e+001 5.749289e+001 5.037723e+001 5.052130e+001 3.700907e+001 4.631544e+001 3.595372e+001 6.496651e-001 2.028728e+000 2.853313e+000 4.056983e+000 2.321766e+000 2.823381e+000 3.656097e+000 3.646430e+000 4.523911e+000 2.956815e+000 3.669801e+000 3.054542e+000 2.895275e+000
<GCONST> 1.024537e+002
<TRANSP> 5
 0.000000e+000 1.000000e+000 0.000000e+000 0.000000e+000 0.000000e+000
 0.000000e+000 6.068273e-001 3.931727e-001 0.000000e+000 0.000000e+000
 0.000000e+000 0.000000e+000 7.409055e-001 2.590945e-001 0.000000e+000
 0.000000e+000 0.000000e+000 0.000000e+000 5.826796e-001 4.173204e-001
 0.000000e+000 0.000000e+000 0.000000e+000 0.000000e+000 0.000000e+000
<ENDHMM>
~h "n"
<BEGINHMM>
<NUMSTATES> 5
<STATE> 2
<MEAN> 25
 6.997357e+000 -3.623577e+000 3.780760e+000 1.456546e+000 -2.731766e+000 -1.873194e+000 -4.358394e+000 -9.411443e-001 -2.556644e-002 1.913069e+000 -4.969849e+000 -3.193743e+000 5.848783e-001 2.176766e+000 1.903556e+000 2.289091e+000 -5.259673e-001 -8.041571e-001 6.191713e-001 -4.255736e+000 -7.072037e-001 1.009374e+000 -6.420029e-001 9.568398e-001 -2.129623e+000
<VARIANCE> 25
 8.605115e+000 3.184553e+001 3.365138e+001 3.892816e+001 3.773176e+001 4.124228e+001 4.653594e+001 1.081957e+002 4.534354e+001 4.267850e+001 3.350385e+001 3.145259e+001 6.073485e-001 1.677285e+000 3.347172e+000 2.296891e+000 3.080302e+000 4.431447e+000 5.441955e+000 5.484314e+000 5.682506e+000 4.974587e+000 4.814712e+000 2.710909e+000 8.035063e-001
<GCONST> 1.029001e+002
<STATE> 3
<MEAN> 25
 7.929128e+000 8.903475e-001 8.327202e+000 5.032103e+000 -4.396134e+000 -2.146982e+000 -2.667714e+000 -9.736723e+000 -2.648344e+000 3.741092e+000 -5.312819e+000 -3.048482e-001 7.684560e-002 6.226537e-001 1.454911e-001 3.547238e-001 -1.237625e-002 1.440446e-001 3.454591e-001 -5.881902e-001 -3.718230e-001 5.390512e-002 1.235721e-002 3.531708e-001 -6.333899e-001
<VARIANCE> 25
 7.927166e+000 1.533742e+001 2.014195e+001 2.761717e+001 3.221172e+001 4.194216e+001 5.346661e+001 4.672924e+001 4.149625e+001 4.326821e+001 3.803292e+001 3.151838e+001 3.039053e-001 8.943840e-001 1.085395e+000 1.009411e+000 1.253637e+000 1.410735e+000 1.738900e+000 2.406285e+000 1.789493e+000 1.642887e+000 1.624781e+000 1.335314e+000 5.926136e-001
<GCONST> 8.880272e+001
<STATE> 4
<MEAN> 25
 4.882284e+000 3.892414e+000 5.504523e+000 6.223715e+000 -7.069658e-001 -1.349261e+000 6.898828e-001 -7.159324e+000 -2.745630e+000 1.543916e+000 -4.792754e+000 5.987312e-001 -7.995750e-001 2.168959e-001 -6.637883e-001 -2.205028e-001 8.882474e-001 1.931763e-001 2.006185e-001 1.141482e+000 2.153800e-001 -6.740131e-001 4.771439e-001 -1.570064e-001 -1.040784e+000
<VARIANCE> 25
 2.748933e+001 2.548933e+001 2.939908e+001 2.828648e+001 4.628428e+001 3.246546e+001 5.536083e+001 6.461221e+001 4.896603e+001 4.776346e+001 4.280121e+001 3.115837e+001 1.416762e+000 2.495645e+000 2.137855e+000 2.567893e+000 3.109337e+000 2.931164e+000 4.024316e+000 4.392929e+000 3.552424e+000 3.134043e+000 2.734128e+000 2.337961e+000 3.923620e+000
<GCONST> 1.033527e+002
<TRANSP> 5
 0.000000e+000 1.000000e+000 0.000000e+000 0.000000e+000 0.000000e+000
 0.000000e+000 6.115024e-001 3.884977e-001 0.000000e+000 0.000000e+000
 0.000000e+000 0.000000e+000 7.410445e-001 2.589556e-001 0.000000e+000
 0.000000e+000 0.000000e+000 0.000000e+000 6.868783e-001 3.131218e-001
 0.000000e+000 0.000000e+000 0.000000e+000 0.000000e+000 0.000000e+000
<ENDHMM>
~h "o"
<BEGINHMM>
<NUMSTATES> 5
<STATE> 2
<MEAN> 25
 5.976992e+000 4.359986e-001 -4.937317e+000 -9.114382e+000 -3.170651e+000 5.671959e+000 -4.133155e+000 -2.207202e+000 3.192809e-001 1.546821e+000 3.518287e+000 -2.613965e-001 1.738399e+000 -3.833793e-001 -4.644518e-001 -3.034515e+000 -1.341056e+000 2.509986e+000 -7.499120e-001 1.144369e-001 1.075362e-001 1.823097e-001 1.173377e+000 -4.531090e-001 1.944361e+000
<VARIANCE> 25
 2.727456e+001 3.172417e+001 3.744358e+001 7.793529e+001 4.825269e+001 5.083685e+001 7.126678e+001 5.133112e+001 5.237564e+001 5.087962e+001 3.728694e+001 2.875309e+001 4.096679e+000 2.848601e+000 5.268177e+000 5.834200e+000 6.607512e+000 5.033609e+000 5.310642e+000 6.687421e+000 5.081956e+000 5.093038e+000 4.004324e+000 3.525768e+000 4.252336e+000
<GCONST> 1.118690e+002
<STATE> 3
<MEAN> 25
 8.337020e+000 -9.378352e-001 -5.630327e+000 -1.582307e+001 -5.180177e+000 1.207284e+001 -4.729580e+000 -1.541760e+000 2.268087e-001 6.512970e-001 6.155603e+000 -4.423151e-001 1.313973e-001 -4.429776e-002 -1.768541e-001 -8.377647e-001 -3.994053e-002 7.982532e-001 2.348510e-001 1.447608e-001 -9.876534e-002 -3.096023e-001 2.980923e-001 1.757840e-001 1.520452e-001
<VARIANCE> 25
 1.044421e+001 2.465925e+001 2.287219e+001 4.779242e+001 4.217538e+001 3.606242e+001 5.002950e+001 4.684104e+001 4.426700e+001 5.547904e+001 2.894068e+001 3.215595e+001 3.371297e-001 1.154223e+000 9.283519e-001 1.942833e+000 1.490407e+000 1.787049e+000 2.062262e+000 2.006593e+000 2.296803e+000 2.339847e+000 1.575873e+000 1.483267e+000 7.673339e-001
<GCONST> 9.253510e+001
<STATE> 4
<MEAN> 25
 7.540277e+000 5.905538e-001 -5.627292e+000 -1.418832e+001 -3.811085e+000 9.884356e+000 -2.512412e+000 -1.624416e+000 4.654315e-001 2.840757e-001 4.462430e+000 -5.662180e-002 -2.245926e-001 5.510215e-002 3.030604e-001 1.536312e+000 5.225354e-001 -1.110562e+000 1.342148e-001 -1.015844e-001 1.777860e-001 3.659184e-001 -6.798565e-001 -2.484988e-001 -1.012381e+000
<VARIANCE> 25
 1.429751e+001 3.715109e+001 2.467736e+001 5.697283e+001 4.560628e+001 4.026820e+001 6.441042e+001 5.221835e+001 4.686021e+001 5.473168e+001 3.190123e+001 3.704515e+001 7.384157e-001 1.774227e+000 1.462586e+000 3.109084e+000 2.505972e+000 2.699047e+000 3.215782e+000 2.874756e+000 2.890918e+000 3.123514e+000 2.239465e+000 2.078610e+000 2.754354e+000
<GCONST> 1.007031e+002
<TRANSP> 5
 0.000000e+000 1.000000e+000 0.000000e+000 0.000000e+000 0.000000e+000
 0.000000e+000 5.594721e-001 4.405279e-001 0.000000e+000 0.000000e+000
 0.000000e+000 0.000000e+000 7.364354e-001 2.635647e-001 0.000000e+000
 0.000000e+000 0.000000e+000 0.000000e+000 7.843986e-001 2.156014e-001
 0.000000e+000 0.000000e+000 0.000000e+000 0.000000e+000 0.000000e+000
<ENDHMM>
~h "p"
<BEGINHMM>
<NUMSTATES> 5
<STATE> 2
<MEAN> 25
 1.998293e-001 4.246599e+000 -1.705332e+000 1.518387e+000 1.706671e+000 7.188830e-001 2.665021e+000 -2.260160e+000 6.338840e-001 -2.901990e-001 1.996098e-001 4.934933e-001 -9.943539e-001 1.731306e-001 -2.243861e-001 4.029449e-001 1.329378e-001 -4.270392e-001 3.764862e-001 1.948495e-001 3.101490e-001 -1.789993e-001 -3.033325e-002 3.038548e-001 -1.281072e+000
<VARIANCE> 25
 3.695490e+001 2.237365e+001 2.767580e+001 3.299722e+001 2.437434e+001 3.387392e+001 2.955644e+001 3.307735e+001 3.397033e+001 2.591623e+001 2.252751e+001 2.480436e+001 1.545660e+000 2.005502e+000 1.718739e+000 2.133176e+000 2.025069e+000 2.390919e+000 2.360367e+000 2.222972e+000 2.508320e+000 2.118368e+000 1.901591e+000 1.698290e+000 5.313963e+000
<GCONST> 9.636734e+001
<STATE> 3
<MEAN> 25
 -4.334161e+000 3.121420e+000 -1.878441e+000 2.979264e+000 2.239136e+000 -1.216190e+000 3.506893e+000 -1.466264e+000 1.251958e+000 -6.967199e-001 4.117398e-001 1.927882e+000 3.921744e-001 -1.833550e+000 -7.750332e-001 -1.099596e+000 -4.349995e-001 1.309073e-002 -8.469111e-001 -4.215648e-002 8.111245e-002 -2.154413e-002 6.677753e-001 -9.016348e-002 5.416815e+000
<VARIANCE> 25
 1.794787e+001 2.081106e+001 1.615434e+001 1.927908e+001 2.024891e+001 2.319175e+001 2.731803e+001 2.613705e+001 2.573067e+001 2.145092e+001 1.744567e+001 1.663743e+001 4.485223e+000 2.866375e+000 3.114686e+000 4.747261e+000 2.895191e+000 4.427095e+000 3.170462e+000 3.382094e+000 3.617354e+000 2.918502e+000 2.585074e+000 2.373194e+000 6.677681e+000
<GCONST> 9.855836e+001
<STATE> 4
<MEAN> 25
 -1.595952e-001 -1.732096e+000 -5.054219e+000 -2.374717e+000 1.102911e-001 1.780737e-001 8.485879e-001 -2.560557e+000 1.033571e+000 -4.044546e-001 2.370443e+000 3.804708e-001 2.868884e+000 -2.025569e+000 -6.356499e-001 -3.075883e+000 -1.261718e+000 1.898307e+000 -1.873113e+000 8.639188e-003 -9.531212e-002 2.572773e-001 7.666873e-001 -1.351852e+000 6.612656e+000
<VARIANCE> 25
 4.353365e+001 2.305462e+001 2.161289e+001 6.112717e+001 2.361780e+001 5.291342e+001 2.831397e+001 2.555259e+001 2.670425e+001 2.190660e+001 2.126536e+001 2.113099e+001 3.927412e+000 6.226934e+000 5.123064e+000 8.050189e+000 4.905221e+000 9.283409e+000 5.452741e+000 6.421490e+000 5.201592e+000 4.680888e+000 4.021623e+000 4.240629e+000 7.737642e+000
<GCONST> 1.086043e+002
<TRANSP> 5
 0.000000e+000 1.000000e+000 0.000000e+000 0.000000e+000 0.000000e+000
 0.000000e+000 8.487539e-001 1.512462e-001 0.000000e+000 0.000000e+000
 0.000000e+000 0.000000e+000 4.205329e-001 5.794671e-001 0.000000e+000
 0.000000e+000 0.000000e+000 0.000000e+000 3.513061e-001 6.486939e-001
 0.000000e+000 0.000000e+000 0.000000e+000 0.000000e+000 0.000000e+000
<ENDHMM>
~h "q"
<BEGINHMM>
<NUMSTATES> 5
<STATE> 2
<MEAN> 25
 -2.068613e+000 6.302520e+000 3.069934e+000 6.284493e+000 -3.472050e+000 -4.452515e+000 2.940621e+000 -4.107825e+000 -8.086229e-001 -2.636044e+000 9.355979e-001 1.009850e+000 -6.953548e-001 -3.628109e-001 -1.727960e+000 -1.873463e-001 7.970529e-001 5.675773e-001 -4.596176e-002 -1.919317e-001 1.065491e+000 -2.570832e-001 -3.245741e-001 7.728446e-001 -7.945965e-001
<VARIANCE> 25
 4.843526e+000 1.330027e+001 1.948165e+001 6.466882e+000 2.612376e+001 1.777990e+001 1.409333e+001 2.059543e+001 2.248974e+001 9.696957e+000 2.142837e+001 2.144054e+001 5.642052e-001 2.840284e+000 4.284690e+000 1.339355e+000 2.580583e+000 3.244885e+000 1.664705e+000 2.924145e+000 2.786991e+000 2.202837e+000 2.421388e+000 2.431922e+000 3.223697e+000
<GCONST> 8.895989e+001
<STATE> 3
<MEAN> 25
 -4.286891e+000 -3.334763e-001 -8.701015e+000 -1.426257e+000 8.535538e-001 -4.384617e+000 4.008055e+000 -3.619057e+000 5.207226e-001 -7.470500e-002 -1.122092e+000 6.560643e+000 -5.182387e-001 -2.836166e-001 -1.206637e+000 -8.718187e-001 6.528426e-001 1.022170e+000 6.326593e-001 9.090976e-002 -3.195320e-002 -3.666399e-001 -5.121165e-001 -1.249526e-001 9.482380e-001
<VARIANCE> 25
 9.575682e+000 3.915082e+001 1.392014e+002 4.160253e+001 5.911408e+001 9.246312e+001 3.023517e+001 5.000738e+001 6.489267e+001 2.889544e+001 3.005925e+001 3.815546e+001 2.003138e+000 3.824388e+000 7.220334e+000 7.528694e+000 7.274791e+000 9.218250e+000 2.018090e+000 4.764886e+000 4.407583e+000 3.157075e+000 2.382224e+000 3.849303e+000 4.155231e+000
<GCONST> 1.098204e+002
<STATE> 4
<MEAN> 25
 -5.673591e+000 3.579492e+000 -5.366021e+000 4.608994e+000 7.580771e-001 2.543226e+000 5.520629e+000 -2.756502e+000 4.026045e+000 -5.309900e+000 1.823965e-001 1.515449e+000 -6.569098e-002 1.385275e-001 1.625295e-001 4.766894e-002 7.972334e-002 1.312357e-001 -2.463285e-002 1.186489e-001 3.706399e-002 -6.182746e-002 -8.272431e-002 -1.153283e-001 -7.205797e-002
<VARIANCE> 25
 9.145088e+000 8.542779e+000 1.233754e+001 1.016893e+001 8.920559e+000 2.009463e+001 1.171664e+001 1.505607e+001 1.791266e+001 1.617950e+001 1.738911e+001 9.966538e+000 8.979110e-001 1.209592e+000 1.461583e+000 1.015990e+000 1.230803e+000 1.531233e+000 1.613315e+000 1.582759e+000 1.534064e+000 1.217415e+000 1.693477e+000 1.265805e+000 1.220505e+000
<GCONST> 7.995873e+001
<TRANSP> 5
 0.000000e+000 1.000000e+000 0.000000e+000 0.000000e+000 0.000000e+000
 0.000000e+000 8.002981e-001 1.997019e-001 0.000000e+000 0.000000e+000
 0.000000e+000 0.000000e+000 6.349188e-001 3.650812e-001 0.000000e+000
 0.000000e+000 0.000000e+000 0.000000e+000 9.151479e-001 8.485212e-002
 0.000000e+000 0.000000e+000 0.000000e+000 0.000000e+000 0.000000e+000
<ENDHMM>
~h "r"
<BEGINHMM>
<NUMSTATES> 5
<STATE> 2
<MEAN> 25
 5.752914e+000 -5.622150e+000 -3.909165e+000 -1.655850e+000 -3.344332e+000 -1.011237e-001 -5.640946e+000 6.336344e-001 5.553677e+000 2.760487e+000 4.214874e-001 -3.624933e+000 2.874142e-001 2.330420e-001 1.723495e-001 1.800228e+000 -1.659251e-001 -3.294199e-001 -2.646586e-001 -9.239122e-001 7.666687e-001 -2.384293e-001 2.011908e-001 3.041481e-001 -1.154249e+000
<VARIANCE> 25
 1.787283e+001 2.755556e+001 3.978725e+001 4.258014e+001 4.135403e+001 5.172739e+001 6.019018e+001 7.567278e+001 4.686542e+001 4.057037e+001 3.980609e+001 3.429672e+001 2.544607e+000 2.871424e+000 2.821060e+000 5.625970e+000 4.911650e+000 5.328502e+000 5.580306e+000 5.538089e+000 5.285249e+000 5.064542e+000 4.401145e+000 3.383122e+000 3.762394e+000
<GCONST> 1.092046e+002
<STATE> 3
<MEAN> 25
 6.201581e+000 -4.289988e+000 -2.637931e+000 2.968201e+000 -3.520651e+000 -9.781538e-001 -6.190361e+000 -1.338821e+000 6.677900e+000 2.107682e+000 1.211349e+000 -2.428419e+000 -2.504890e-001 4.244107e-001 6.070410e-001 9.574044e-001 4.813477e-001 -5.108534e-001 1.455608e-001 -3.634935e-001 -4.024466e-001 -3.730421e-001 6.864784e-002 6.973420e-001 -1.098092e+000
<VARIANCE> 25
 1.732919e+001 2.318027e+001 4.053906e+001 3.651254e+001 4.583353e+001 4.395612e+001 5.572783e+001 6.258097e+001 4.369123e+001 3.741045e+001 3.302875e+001 2.742436e+001 2.311044e+000 2.513759e+000 2.842166e+000 3.499470e+000 4.548127e+000 4.595357e+000 4.933874e+000 5.315228e+000 4.877797e+000 4.225760e+000 3.626059e+000 3.425506e+000 2.808925e+000
<GCONST> 1.061568e+002
<STATE> 4
<MEAN> 25
 1.076968e+000 -1.651509e+000 -2.259697e+000 3.137413e+000 8.067846e-002 -5.922195e-001 -1.316989e+000 -6.478801e-001 3.384380e+000 -1.401393e-001 2.670764e-001 6.345056e-001 -9.356120e-002 1.104784e-001 2.420511e-001 -8.720523e-002 4.985043e-002 1.918861e-002 1.277817e-001 5.780717e-002 -4.787298e-001 -6.910947e-002 7.013977e-002 1.546054e-001 -2.362863e-001
<VARIANCE> 25
 4.910635e+001 3.370959e+001 4.973935e+001 3.568473e+001 4.389750e+001 4.328167e+001 5.658611e+001 4.816133e+001 4.348747e+001 3.794872e+001 3.267485e+001 2.646133e+001 2.105423e+000 2.032903e+000 2.407268e+000 2.262564e+000 2.953413e+000 2.953225e+000 3.200932e+000 3.074138e+000 3.309912e+000 2.625680e+000 2.307483e+000 2.125129e+000 2.839422e+000
<GCONST> 1.028683e+002
<TRANSP> 5
 0.000000e+000 1.000000e+000 0.000000e+000 0.000000e+000 0.000000e+000
 0.000000e+000 3.633191e-001 6.366809e-001 0.000000e+000 0.000000e+000
 0.000000e+000 0.000000e+000 3.050788e-001 6.949212e-001 0.000000e+000
 0.000000e+000 0.000000e+000 0.000000e+000 7.530905e-001 2.469095e-001
 0.000000e+000 0.000000e+000 0.000000e+000 0.000000e+000 0.000000e+000
<ENDHMM>
~h "s"
<BEGINHMM>
<NUMSTATES> 5
<STATE> 2
<MEAN> 25
 -6.104571e+000 5.413471e+000 -1.412021e-001 2.571489e+000 4.863451e+000 -4.078652e+000 2.120556e+000 1.463055e+000 1.634208e+000 -6.479014e-001 -1.169229e+000 2.091971e+000 -4.307176e+000 1.697580e+000 -8.985328e-001 7.111617e-001 1.505112e+000 -4.575981e-001 1.562299e+000 6.255854e-001 5.377555e-001 -4.694949e-001 6.645718e-001 7.095619e-001 -5.278274e-001
<VARIANCE> 25
 6.264253e+001 4.179155e+001 4.020985e+001 3.601019e+001 4.171305e+001 4.054757e+001 6.519547e+001 4.689558e+001 4.302985e+001 3.198373e+001 3.353450e+001 2.541165e+001 3.774547e+000 5.623961e+000 3.820710e+000 4.349059e+000 4.781417e+000 4.192354e+000 5.773220e+000 5.057853e+000 4.161874e+000 3.659954e+000 3.444116e+000 2.679819e+000 2.779324e+000
<GCONST> 1.087344e+002
<STATE> 3
<MEAN> 25
 -2.109556e+001 5.187777e+000 -5.518498e+000 1.619877e+000 6.469353e+000 -4.146587e+000 4.885796e+000 2.868698e+000 3.005060e+000 -1.447960e-001 1.976640e+000 4.331882e+000 -6.430458e-001 -5.588875e-001 -4.720415e-001 -2.426499e-001 -1.558850e-001 2.832137e-002 3.453157e-002 7.447094e-002 1.381805e-001 1.318595e-001 1.725523e-001 1.536351e-001 -2.461809e-001
<VARIANCE> 25
 1.456230e+001 2.385862e+001 3.226003e+001 2.959053e+001 2.672187e+001 2.743436e+001 4.717525e+001 3.192956e+001 3.195724e+001 2.289470e+001 2.088614e+001 1.976016e+001 2.765164e+000 1.233597e+000 1.702786e+000 1.380696e+000 1.563349e+000 1.629786e+000 1.722035e+000 1.708904e+000 1.730847e+000 1.573928e+000 1.499032e+000 1.283487e+000 9.151050e-001
<GCONST> 9.085593e+001
<STATE> 4
<MEAN> 25
 -1.318755e+001 2.866840e+000 -4.234661e+000 1.418313e+000 4.396264e+000 -4.308006e+000 2.753713e+000 1.795850e+000 3.150783e+000 -5.747554e-001 5.402573e-001 2.669194e+000 4.132400e+000 -1.689863e-001 1.300171e+000 -2.664073e-001 -9.951269e-001 1.876744e-001 -1.542961e+000 -9.240896e-001 -3.707765e-001 -4.987636e-002 -7.448412e-001 -1.139951e+000 1.603477e-001
<VARIANCE> 25
 6.569976e+001 2.754729e+001 3.535460e+001 2.937191e+001 3.047931e+001 3.686698e+001 5.510316e+001 3.671869e+001 3.289264e+001 2.557273e+001 2.483361e+001 2.397374e+001 7.392558e+000 3.661183e+000 4.007584e+000 3.696171e+000 3.315957e+000 3.717678e+000 5.189968e+000 4.393652e+000 4.175133e+000 2.898520e+000 2.874025e+000 2.610158e+000 5.878633e+000
<GCONST> 1.060665e+002
<TRANSP> 5
 0.000000e+000 1.000000e+000 0.000000e+000 0.000000e+000 0.000000e+000
 0.000000e+000 7.318707e-001 2.681293e-001 0.000000e+000 0.000000e+000
 0.000000e+000 0.000000e+000 8.507165e-001 1.492835e-001 0.000000e+000
 0.000000e+000 0.000000e+000 0.000000e+000 7.122640e-001 2.877360e-001
 0.000000e+000 0.000000e+000 0.000000e+000 0.000000e+000 0.000000e+000
<ENDHMM>
~h "t"
<BEGINHMM>
<NUMSTATES> 5
<STATE> 2
<MEAN> 25
 4.366159e-003 3.488021e+000 -1.508668e+000 1.483757e+000 1.556512e+000 -2.392203e+000 2.789903e-001 -8.188021e-001 2.598340e+000 2.539111e-001 -1.201584e+000 -3.497819e-001 -7.137954e-001 3.301072e-001 -2.316966e-001 2.952201e-001 4.651203e-002 1.119172e-002 6.814773e-001 -8.399597e-002 5.455014e-002 -2.585483e-001 1.312042e-001 3.182595e-001 -1.893450e+000
<VARIANCE> 25
 2.536016e+001 2.746437e+001 3.170007e+001 3.154862e+001 3.022404e+001 3.499326e+001 4.002083e+001 3.739534e+001 3.739144e+001 2.993107e+001 2.805884e+001 2.415120e+001 1.648637e+000 2.475999e+000 1.805260e+000 2.398134e+000 2.589040e+000 2.435774e+000 2.867154e+000 2.681773e+000 2.470600e+000 2.269629e+000 2.022897e+000 1.807893e+000 5.866460e+000
<GCONST> 9.875793e+001
<STATE> 3
<MEAN> 25
 -4.698951e+000 3.974776e+000 -1.354647e+000 2.991774e+000 1.938745e+000 -2.317338e+000 3.411081e+000 -1.669235e+000 1.832799e+000 -8.454494e-001 -1.604547e-001 2.001613e+000 -1.557413e+000 -1.645875e+000 -6.457334e-001 -8.101969e-001 2.528600e-001 -2.977901e-001 5.218637e-002 3.494738e-001 -6.012749e-002 -1.314673e-001 3.908306e-001 4.282788e-001 3.213826e+000
<VARIANCE> 25
 2.539343e+001 2.324712e+001 2.429303e+001 2.129351e+001 2.385279e+001 2.727023e+001 2.991395e+001 3.002931e+001 2.874909e+001 2.301239e+001 2.128854e+001 1.928459e+001 2.793434e+000 3.010022e+000 3.139863e+000 2.933971e+000 2.961261e+000 3.173535e+000 3.276094e+000 3.240247e+000 3.568682e+000 2.426659e+000 2.649884e+000 2.084022e+000 1.002452e+001
<GCONST> 9.949157e+001
<STATE> 4
<MEAN> 25
 -6.836986e+000 -2.098397e+000 -3.743951e+000 -1.529850e+000 1.859988e+000 -4.224661e+000 1.063875e+000 -3.086371e-001 2.532404e+000 -2.468173e-001 1.595573e-001 1.628096e+000 1.642375e+000 -1.025634e+000 1.331191e-001 -1.552136e+000 -5.964220e-001 5.731719e-002 -2.117404e+000 1.270858e-002 9.767646e-002 3.848272e-001 -1.604776e-001 -1.089813e+000 5.865689e+000
<VARIANCE> 25
 3.209097e+001 2.670814e+001 2.637128e+001 3.105536e+001 2.961933e+001 3.890659e+001 4.322779e+001 3.034253e+001 3.096905e+001 2.584309e+001 2.337705e+001 2.385313e+001 4.971211e+000 4.666589e+000 5.261535e+000 5.334214e+000 4.423647e+000 5.613180e+000 5.875982e+000 6.137353e+000 6.129595e+000 3.938547e+000 4.109683e+000 3.650799e+000 1.101703e+001
<GCONST> 1.082135e+002
<TRANSP> 5
 0.000000e+000 1.000000e+000 0.000000e+000 0.000000e+000 0.000000e+000
 0.000000e+000 8.255578e-001 1.744422e-001 0.000000e+000 0.000000e+000
 0.000000e+000 0.000000e+000 5.473329e-001 4.526670e-001 0.000000e+000
 0.000000e+000 0.000000e+000 0.000000e+000 5.023887e-001 4.976113e-001
 0.000000e+000 0.000000e+000 0.000000e+000 0.000000e+000 0.000000e+000
<ENDHMM>
~h "u"
<BEGINHMM>
<NUMSTATES> 5
<STATE> 2
<MEAN> 25
 5.621895e+000 4.172431e+000 -1.282133e+000 -3.264515e+000 -2.998852e+000 2.062437e+000 -6.882329e+000 -5.184309e+000 -3.640667e+000 -1.693890e-001 2.789264e+000 1.374445e-001 2.165738e+000 9.783519e-001 -4.493979e-003 -2.361487e+000 -1.747238e+000 2.076424e+000 -1.590451e+000 -9.274446e-001 -1.474693e+000 2.438685e-002 1.307760e+000 -9.367603e-002 1.238332e+000
<VARIANCE> 25
 2.624063e+001 3.391568e+001 3.497075e+001 6.431332e+001 4.527885e+001 4.444101e+001 7.624448e+001 6.036243e+001 4.622741e+001 4.221268e+001 3.292277e+001 2.812848e+001 4.422054e+000 3.244694e+000 4.447152e+000 5.476927e+000 5.661516e+000 4.883338e+000 6.436231e+000 7.508215e+000 5.688958e+000 5.379684e+000 3.800717e+000 3.471661e+000 3.917026e+000
<GCONST> 1.113252e+002
<STATE> 3
<MEAN> 25
 9.085846e+000 6.405866e+000 -1.767169e+000 -1.027901e+001 -6.641060e+000 8.147175e+000 -8.027328e+000 -4.655190e+000 -6.469536e+000 -1.995808e+000 5.311448e+000 5.072706e-001 1.896346e-001 1.626528e-001 -1.104734e-001 -7.588462e-001 -1.926420e-001 6.651087e-001 6.297762e-002 6.141175e-002 -2.616958e-001 -1.287472e-001 2.833691e-001 1.944287e-001 2.185436e-002
<VARIANCE> 25
 1.051910e+001 3.145276e+001 2.457477e+001 5.601494e+001 4.004279e+001 3.678639e+001 5.484816e+001 7.022569e+001 5.028284e+001 5.109787e+001 3.785398e+001 3.401349e+001 4.591548e-001 1.774751e+000 1.078809e+000 2.558331e+000 2.140468e+000 2.216352e+000 2.824370e+000 3.171605e+000 2.697422e+000 2.834595e+000 2.388194e+000 1.945607e+000 1.154675e+000
<GCONST> 9.781325e+001
<STATE> 4
<MEAN> 25
 8.012828e+000 5.392045e+000 -1.727015e+000 -7.070385e+000 -4.080447e+000 6.121199e+000 -6.233338e+000 -5.548859e+000 -4.904858e+000 1.132993e-001 4.338202e+000 4.563062e-001 -4.523565e-001 -4.539848e-001 4.594834e-001 1.816505e+000 9.104761e-001 -1.206220e+000 6.663523e-001 -5.202076e-002 1.090163e+000 5.640830e-001 -8.447440e-001 -3.391338e-001 -1.090365e+000
<VARIANCE> 25
 1.350481e+001 3.924401e+001 3.106499e+001 6.320353e+001 4.660646e+001 4.431653e+001 8.130988e+001 6.979845e+001 5.229086e+001 5.398790e+001 4.277776e+001 3.781248e+001 1.137534e+000 2.774611e+000 2.374772e+000 3.893107e+000 3.942736e+000 3.713527e+000 5.195506e+000 4.970048e+000 4.305442e+000 4.443742e+000 3.674619e+000 3.238334e+000 4.024182e+000
<GCONST> 1.075422e+002
<TRANSP> 5
 0.000000e+000 1.000000e+000 0.000000e+000 0.000000e+000 0.000000e+000
 0.000000e+000 5.280595e-001 4.719405e-001 0.000000e+000 0.000000e+000
 0.000000e+000 0.000000e+000 7.389911e-001 2.610088e-001 0.000000e+000
 0.000000e+000 0.000000e+000 0.000000e+000 6.976779e-001 3.023221e-001
 0.000000e+000 0.000000e+000 0.000000e+000 0.000000e+000 0.000000e+000
<ENDHMM>
~h "w"
<BEGINHMM>
<NUMSTATES> 5
<STATE> 2
<MEAN> 25
 7.323851e+000 7.575769e-001 -2.354488e+000 -6.887549e+000 -2.613073e+000 5.455215e+000 -3.223265e+000 -1.952482e+000 -2.318250e+000 1.170155e+000 3.340608e+000 -9.002417e-001 1.277238e+000 1.134254e+000 -4.028208e-002 -1.620264e+000 -1.036543e+000 1.094419e+000 -3.208271e-002 -3.154383e-001 -1.166284e+000 -5.769731e-001 7.302864e-001 7.156258e-001 -2.884061e-002
<VARIANCE> 25
 2.953231e+001 5.855994e+001 3.463605e+001 8.071793e+001 4.324091e+001 5.952174e+001 6.174727e+001 5.187725e+001 5.459075e+001 4.622955e+001 4.933798e+001 3.845118e+001 2.369568e+000 2.650892e+000 2.613137e+000 4.308871e+000 4.360040e+000 4.583164e+000 4.028839e+000 4.381789e+000 4.009810e+000 3.640912e+000 3.719318e+000 3.233218e+000 4.119637e+000
<GCONST> 1.093533e+002
<STATE> 3
<MEAN> 25
 1.126172e+001 4.299958e+000 -2.046469e+000 -1.487347e+001 -8.139567e+000 9.837693e+000 -4.276358e+000 -9.375114e-001 -2.887627e+000 -2.836916e+000 4.512051e+000 1.461889e+000 -5.027937e-002 -5.068077e-001 -2.476400e-001 -6.796179e-001 -9.310412e-002 6.135885e-001 -7.343253e-002 -7.607003e-002 2.056691e-001 1.720920e-001 4.130467e-001 1.415763e-001 6.013165e-001
<VARIANCE> 25
 9.695155e+000 3.082731e+001 1.703382e+001 4.579777e+001 4.160188e+001 4.041821e+001 3.385504e+001 4.186360e+001 5.360199e+001 3.343172e+001 2.611864e+001 2.581670e+001 4.205877e-001 2.635018e+000 1.245776e+000 2.625107e+000 2.131256e+000 2.657343e+000 2.000212e+000 2.027190e+000 1.922557e+000 2.741830e+000 2.190639e+000 1.709334e+000 1.872434e+000
<GCONST> 9.502650e+001
<STATE> 4
<MEAN> 25
 8.605657e+000 -4.011165e+000 -5.720340e+000 -1.552405e+001 -3.031974e+000 1.298076e+001 -3.503242e+000 -2.338243e+000 9.148186e-002 2.955743e+000 6.418545e+000 -2.445356e+000 -8.365155e-001 -1.891308e+000 -5.032603e-001 1.097648e+000 1.546185e+000 -4.431427e-001 -2.769120e-001 2.886808e-001 1.461241e+000 1.021733e+000 -1.010543e+000 -2.032262e+000 1.242478e+000
<VARIANCE> 25
 1.044632e+001 2.932416e+001 2.454444e+001 4.536833e+001 3.255777e+001 3.982389e+001 4.388282e+001 4.153733e+001 4.696573e+001 4.071682e+001 3.246286e+001 3.710646e+001 2.978861e-001 1.302557e+000 1.182466e+000 2.177549e+000 1.977130e+000 2.724588e+000 1.893940e+000 2.086531e+000 2.311903e+000 2.217330e+000 2.412078e+000 2.091539e+000 6.066058e-001
<GCONST> 9.382253e+001
<TRANSP> 5
 0.000000e+000 1.000000e+000 0.000000e+000 0.000000e+000 0.000000e+000
 0.000000e+000 7.069349e-001 2.930651e-001 0.000000e+000 0.000000e+000
 0.000000e+000 0.000000e+000 7.670374e-001 2.329626e-001 0.000000e+000
 0.000000e+000 0.000000e+000 0.000000e+000 6.668709e-001 3.331291e-001
 0.000000e+000 0.000000e+000 0.000000e+000 0.000000e+000 0.000000e+000
<ENDHMM>
~h "y"
<BEGINHMM>
<NUMSTATES> 5
<STATE> 2
<MEAN> 25
 -6.233033e-001 4.943591e-002 8.107962e+000 -7.140139e-001 -5.583215e+000 -4.101135e+000 -2.352240e+000 2.895820e+000 -2.559748e+000 -2.077567e+000 2.223806e+000 1.797979e+000 -7.857656e-002 7.699568e-001 2.192303e+000 -4.498619e-002 -9.991233e-001 -2.562432e-001 -1.009989e+000 -5.159283e-001 -1.293292e+000 -2.890227e-001 1.021445e+000 5.716530e-001 4.695409e-001
<VARIANCE> 25
 2.699825e+001 5.080906e+001 7.440089e+001 3.537202e+001 6.477728e+001 4.844918e+001 5.254716e+001 5.899035e+001 5.696684e+001 3.879449e+001 3.045054e+001 2.679398e+001 1.895947e+000 2.497343e+000 4.074503e+000 2.473992e+000 3.436446e+000 3.122709e+000 3.565064e+000 3.920360e+000 3.726342e+000 3.397151e+000 2.592681e+000 2.290756e+000 3.819552e+000
<GCONST> 1.060779e+002
<STATE> 3
<MEAN> 25
 8.524705e-001 3.008088e-001 1.655913e+001 -8.708154e-001 -1.199809e+001 -4.595654e+000 -7.769929e+000 8.005721e-001 -7.050819e+000 -3.111808e+000 6.138301e+000 3.568612e+000 2.568337e-001 -1.002989e+000 -1.002721e+000 -3.719773e-001 -6.288571e-001 -5.705516e-001 1.598161e-001 1.020761e+000 9.646122e-001 5.720808e-001 1.367318e-001 9.228655e-002 9.437861e-001
<VARIANCE> 25
 1.008302e+001 2.481453e+001 3.823858e+001 3.527279e+001 2.555793e+001 3.840014e+001 2.786784e+001 4.536274e+001 5.370880e+001 5.330671e+001 2.451475e+001 2.868188e+001 5.407761e-001 1.878998e+000 2.925482e+000 1.347542e+000 1.920711e+000 1.674998e+000 1.890825e+000 3.359247e+000 3.116884e+000 1.915594e+000 1.339782e+000 1.307406e+000 1.454833e+000
<GCONST> 9.434975e+001
<STATE> 4
<MEAN> 25
 2.621294e+000 -7.197564e+000 6.257070e+000 -4.880219e+000 -1.086838e+001 -6.675919e+000 -2.947592e+000 1.117123e+001 8.628955e-001 -9.939750e-001 1.851726e+000 5.535744e-001 3.849054e-001 -1.395293e+000 -2.447283e+000 -3.403017e-001 1.603188e+000 9.803295e-001 8.756465e-001 1.326941e+000 1.522840e+000 -5.073063e-001 -1.964554e+000 -1.368794e+000 5.876213e-001
<VARIANCE> 25
 8.082619e+000 1.837022e+001 2.841257e+001 2.171803e+001 2.513956e+001 2.617868e+001 4.339044e+001 4.732095e+001 4.723777e+001 3.022079e+001 3.557960e+001 2.347037e+001 2.698368e-001 9.761685e-001 1.732321e+000 9.816805e-001 1.873122e+000 1.598666e+000 2.117056e+000 3.331485e+000 2.135429e+000 2.585435e+000 1.989338e+000 1.894292e+000 3.675231e-001
<GCONST> 8.976155e+001
<TRANSP> 5
 0.000000e+000 1.000000e+000 0.000000e+000 0.000000e+000 0.000000e+000
 0.000000e+000 7.838362e-001 2.161638e-001 0.000000e+000 0.000000e+000
 0.000000e+000 0.000000e+000 7.486773e-001 2.513228e-001 0.000000e+000
 0.000000e+000 0.000000e+000 0.000000e+000 7.091833e-001 2.908167e-001
 0.000000e+000 0.000000e+000 0.000000e+000 0.000000e+000 0.000000e+000
<ENDHMM>
~h "z"
<BEGINHMM>
<NUMSTATES> 5
<STATE> 2
<MEAN> 25
 -9.872596e-001 7.587899e+000 1.875802e+000 5.012223e+000 1.923561e+000 -5.917339e+000 -1.879473e+000 -1.161143e+000 9.670783e-001 -1.011434e+000 -1.814574e+000 1.888935e+000 -1.981570e+000 2.292403e+000 -6.968364e-001 1.030883e+000 1.382829e+000 -4.345169e-001 1.167651e+000 -1.574794e-001 6.306984e-001 -4.044583e-001 1.363831e-001 5.847960e-001 -8.396905e-001
<VARIANCE> 25
 3.322658e+001 4.345605e+001 4.191239e+001 3.112271e+001 4.085687e+001 3.659258e+001 7.135886e+001 4.715498e+001 3.934474e+001 4.068988e+001 2.985256e+001 2.915355e+001 3.054480e+000 3.800006e+000 2.759305e+000 2.702664e+000 3.059944e+000 3.628089e+000 4.355384e+000 5.487514e+000 3.943210e+000 3.633362e+000 2.751673e+000 2.670619e+000 2.654766e+000
<GCONST> 1.056487e+002
<STATE> 3
<MEAN> 25
 -1.043253e+001 1.223700e+001 1.890298e-001 6.797719e+000 6.451777e+000 -4.785861e+000 1.631072e+000 -9.456128e-003 8.717351e-001 -2.168693e-001 -1.583481e-001 3.292763e+000 -9.467493e-001 -1.642848e-001 -1.526867e-002 1.074861e-001 3.307206e-001 1.812717e-001 3.458992e-001 1.166635e-001 -8.635084e-002 3.155148e-002 2.270863e-001 1.872473e-001 3.829397e-002
<VARIANCE> 25
 4.255258e+001 3.398962e+001 2.805366e+001 3.054868e+001 2.326226e+001 3.155796e+001 4.916827e+001 2.725143e+001 2.970127e+001 2.608703e+001 1.829146e+001 2.184657e+001 2.018831e+000 1.407061e+000 1.148908e+000 1.042148e+000 1.532656e+000 1.552073e+000 1.484609e+000 1.723354e+000 1.530027e+000 1.315423e+000 1.299792e+000 1.197934e+000 1.162176e+000
<GCONST> 9.074195e+001
<STATE> 4
<MEAN> 25
 -1.053650e+001 4.879113e+000 6.740313e-001 3.191703e+000 3.556014e+000 -2.605808e+000 1.263576e+000 9.809357e-001 1.315846e+000 -5.879512e-001 1.217842e+000 4.372792e+000 1.248802e+000 -8.797355e-001 4.768397e-001 -4.812080e-001 -1.070736e+000 -3.433543e-001 -9.098717e-001 -3.143318e-001 3.782621e-002 1.127245e-001 -1.927041e-002 -1.702906e-001 1.036479e+000
<VARIANCE> 25
 6.026944e+001 5.122319e+001 5.639656e+001 3.111240e+001 3.983187e+001 4.836720e+001 4.772404e+001 3.715278e+001 3.149212e+001 1.945169e+001 1.913535e+001 1.851959e+001 5.720988e+000 3.938771e+000 2.896176e+000 2.687130e+000 4.095565e+000 2.803015e+000 3.500943e+000 3.841230e+000 2.722118e+000 1.976000e+000 1.813789e+000 1.853978e+000 2.941292e+000
<GCONST> 1.029643e+002
<TRANSP> 5
 0.000000e+000 1.000000e+000 0.000000e+000 0.000000e+000 0.000000e+000
 0.000000e+000 7.449032e-001 2.550968e-001 0.000000e+000 0.000000e+000
 0.000000e+000 0.000000e+000 8.251147e-001 1.748853e-001 0.000000e+000
 0.000000e+000 0.000000e+000 0.000000e+000 8.422513e-001 1.577487e-001
 0.000000e+000 0.000000e+000 0.000000e+000 0.000000e+000 0.000000e+000
<ENDHMM>
~h "ai"
<BEGINHMM>
<NUMSTATES> 5
<STATE> 2
<MEAN> 25
 4.781878e+000 -1.195182e+001 -2.998435e+000 -6.269840e+000 -1.398700e+000 1.828103e+000 -3.500279e+000 7.807386e+000 4.560307e+000 -5.910628e-001 -4.688823e+000 -5.346079e+000 -2.618551e-001 -6.729250e-001 8.577349e-001 3.235581e-001 -8.814811e-001 -1.040591e+000 7.527801e-001 1.818851e+000 -2.273716e-001 -9.489254e-001 -4.014421e-001 5.047426e-001 4.507406e-001
<VARIANCE> 25
 8.798390e+000 1.950256e+001 3.377254e+001 2.374114e+001 4.098777e+001 6.273085e+001 3.294318e+001 4.600823e+001 3.843700e+001 4.092897e+001 3.797972e+001 2.516854e+001 4.957133e-001 1.581109e+000 1.489612e+000 1.816776e+000 2.484525e+000 3.360340e+000 2.237906e+000 2.946406e+000 2.022460e+000 1.952918e+000 2.659367e+000 1.910670e+000 5.887108e-001
<GCONST> 9.440769e+001
<STATE> 3
<MEAN> 25
 3.153191e+000 -8.622510e+000 6.811349e+000 -4.996653e+000 -1.089717e+001 -7.013949e+000 -1.159290e+000 1.189519e+001 -1.505693e+000 1.907683e-001 1.551879e+000 -2.305827e-001 -2.544965e-001 9.150501e-001 1.605992e+000 3.540040e-002 -1.204532e+000 -5.260974e-001 -2.107272e-001 -8.613061e-001 -1.216847e+000 6.651934e-001 1.333093e+000 5.254303e-001 -4.613180e-001
<VARIANCE> 25
 6.908871e+000 1.487151e+001 3.219436e+001 1.730937e+001 2.496867e+001 2.942482e+001 3.193211e+001 3.972065e+001 4.201191e+001 3.129009e+001 3.995277e+001 2.124712e+001 2.286759e-001 8.223328e-001 1.212547e+000 7.538031e-001 1.572267e+000 1.461895e+000 1.653777e+000 2.234083e+000 1.706742e+000 1.577281e+000 1.792464e+000 1.209734e+000 1.843283e-001
<GCONST> 8.502376e+001
<STATE> 4
<MEAN> 25
 1.735014e+000 -8.353374e-001 1.243447e+001 -2.756548e+000 -1.172581e+001 -6.945960e+000 -2.933232e+000 2.306535e+000 -5.923750e+000 1.804388e+000 4.198152e+000 6.966518e-001 8.508845e-002 9.238905e-001 -3.192618e-001 7.325006e-001 9.465496e-001 2.284472e-001 1.551847e-001 -8.977679e-001 7.588933e-002 -2.476748e-001 -3.918467e-001 -6.179559e-002 -1.588625e+000
<VARIANCE> 25
 1.199587e+001 3.066706e+001 4.041806e+001 3.225597e+001 3.369101e+001 3.843776e+001 3.732575e+001 5.511563e+001 4.699404e+001 4.159964e+001 3.411684e+001 2.770067e+001 1.004328e+000 1.612160e+000 2.457225e+000 1.959884e+000 2.621130e+000 2.145997e+000 2.755002e+000 3.100103e+000 3.233413e+000 2.288032e+000 1.839778e+000 1.600954e+000 2.180087e+000
<GCONST> 9.803910e+001
<TRANSP> 5
 0.000000e+000 1.000000e+000 0.000000e+000 0.000000e+000 0.000000e+000
 0.000000e+000 7.578390e-001 2.421610e-001 0.000000e+000 0.000000e+000
 0.000000e+000 0.000000e+000 8.112949e-001 1.887052e-001 0.000000e+000
 0.000000e+000 0.000000e+000 0.000000e+000 8.356152e-001 1.643848e-001
 0.000000e+000 0.000000e+000 0.000000e+000 0.000000e+000 0.000000e+000
<ENDHMM>
~h "au"
<BEGINHMM>
<NUMSTATES> 5
<STATE> 2
<MEAN> 25
 5.972908e+000 -5.383739e+000 -7.403677e+000 -9.902849e+000 -2.122474e-001 1.030899e+001 -4.722669e+000 -1.849909e+000 6.663898e+000 1.886377e+000 5.946352e-001 -6.926219e+000 2.112048e-001 1.175736e-001 -4.052711e-001 -7.374421e-001 -6.788649e-002 1.226545e+000 2.531087e-002 -4.910130e-001 -1.145397e-001 -1.273590e-001 7.778565e-001 -2.343649e-002 7.073716e-002
<VARIANCE> 25
 9.698085e+000 2.160944e+001 1.863221e+001 2.863464e+001 2.902921e+001 3.815178e+001 3.552482e+001 4.068877e+001 2.577000e+001 3.015737e+001 2.610678e+001 2.174118e+001 5.478785e-001 1.001425e+000 9.135758e-001 1.426431e+000 1.557451e+000 2.371732e+000 1.788205e+000 2.076785e+000 1.868704e+000 1.702409e+000 2.343424e+000 1.605253e+000 5.453606e-001
<GCONST> 8.901369e+001
<STATE> 3
<MEAN> 25
 7.512105e+000 -8.267313e-001 -7.108881e+000 -1.671082e+001 -3.502213e+000 1.447939e+001 -4.015446e+000 -3.081916e+000 2.914486e+000 4.767627e-003 5.970372e+000 -1.888969e+000 3.171307e-001 9.346732e-001 2.741538e-001 -4.914394e-001 -5.787362e-001 -3.416837e-002 -6.196443e-002 5.801906e-002 -7.943906e-001 -3.507466e-001 4.773780e-001 9.375995e-001 -6.006327e-001
<VARIANCE> 25
 8.617826e+000 2.078105e+001 1.575175e+001 2.839840e+001 2.948536e+001 2.460433e+001 3.953906e+001 3.139974e+001 3.126594e+001 3.390770e+001 1.956782e+001 3.574505e+001 1.937767e-001 7.826049e-001 4.447472e-001 9.664640e-001 9.321849e-001 9.800647e-001 1.151613e+000 1.036882e+000 1.245714e+000 1.531912e+000 1.228375e+000 1.421627e+000 2.720323e-001
<GCONST> 8.172382e+001
<STATE> 4
<MEAN> 25
 8.880411e+000 5.237607e+000 -3.755506e+000 -1.378297e+001 -4.967191e+000 8.304152e+000 -5.511893e+000 -1.839112e+000 -3.101613e+000 -2.130258e-001 5.018649e+000 8.721917e-001 -1.429223e-001 3.646810e-001 5.353439e-001 1.719098e+000 3.886755e-001 -1.129786e+000 1.860204e-001 -7.775561e-002 -2.165910e-001 2.363388e-002 -6.376352e-001 -9.145691e-002 -1.367127e+000
<VARIANCE> 25
 1.404398e+001 3.476727e+001 2.718088e+001 6.633286e+001 4.290971e+001 4.412455e+001 5.709846e+001 5.156283e+001 4.667318e+001 5.470978e+001 3.372668e+001 3.915828e+001 8.629756e-001 2.120573e+000 1.561894e+000 3.462263e+000 2.683491e+000 2.989627e+000 3.414717e+000 3.048384e+000 3.357137e+000 3.285033e+000 2.484170e+000 2.496193e+000 1.906257e+000
<GCONST> 1.017872e+002
<TRANSP> 5
 0.000000e+000 1.000000e+000 0.000000e+000 0.000000e+000 0.000000e+000
 0.000000e+000 7.883157e-001 2.116844e-001 0.000000e+000 0.000000e+000
 0.000000e+000 0.000000e+000 8.327646e-001 1.672354e-001 0.000000e+000
 0.000000e+000 0.000000e+000 0.000000e+000 8.384818e-001 1.615182e-001
 0.000000e+000 0.000000e+000 0.000000e+000 0.000000e+000 0.000000e+000
<ENDHMM>
~h "kh"
<BEGINHMM>
<NUMSTATES> 5
<STATE> 2
<MEAN> 25
 -2.437556e+000 7.983507e-001 -3.059233e+000 7.194352e-001 4.518724e+000 2.726566e-001 2.839969e+000 5.966270e-001 6.480866e-002 9.732028e-001 -4.488607e-001 1.465014e+000 -1.351623e+000 -5.840669e-001 -1.297166e+000 -3.420585e-002 1.182802e+000 -3.477406e-001 1.369140e-001 3.626539e-001 2.009656e-001 1.178116e-001 -9.634279e-003 4.617223e-001 1.501322e-001
<VARIANCE> 25
 4.149389e+001 4.719844e+001 5.424839e+001 4.518389e+001 5.520891e+001 6.492262e+001 4.731229e+001 3.981204e+001 5.101642e+001 4.113779e+001 4.272690e+001 2.738813e+001 4.083641e+000 5.079176e+000 5.551732e+000 4.562687e+000 5.840147e+000 5.175961e+000 5.308440e+000 3.999955e+000 4.629501e+000 3.697010e+000 3.536558e+000 2.647560e+000 8.302062e+000
<GCONST> 1.116922e+002
<STATE> 3
<MEAN> 25
 -7.406839e+000 -4.962855e+000 -1.060203e+001 -2.407352e+000 9.904655e+000 7.502986e-001 6.106074e-001 2.193948e+000 2.931683e+000 1.769126e+000 1.064568e+000 2.053950e+000 -3.130821e-001 -3.282636e-001 -3.319595e-001 -2.043588e-001 -3.416285e-002 2.422678e-001 2.471870e-001 7.374241e-002 5.459726e-003 4.294431e-002 2.842454e-001 4.904426e-002 1.513851e-001
<VARIANCE> 25
 2.105216e+001 3.253365e+001 3.975326e+001 4.822024e+001 4.834568e+001 5.348634e+001 4.417760e+001 3.782909e+001 4.704973e+001 3.619257e+001 2.942630e+001 3.077163e+001 1.272467e+000 1.872684e+000 2.233915e+000 2.178236e+000 2.576648e+000 3.053142e+000 2.590664e+000 2.282082e+000 2.446331e+000 2.519032e+000 2.038111e+000 1.972332e+000 1.622495e+000
<GCONST> 9.954624e+001
<STATE> 4
<MEAN> 25
 -5.152821e+000 -1.979861e-001 -4.974232e+000 4.942988e-001 3.296995e+000 1.866926e+000 4.710473e+000 8.681637e-001 1.123790e+000 -9.180789e-001 1.265652e+000 1.804033e+000 6.526799e-001 4.318408e-001 5.370542e-001 -7.353254e-002 -4.622119e-001 9.992693e-002 -5.044106e-002 -3.178974e-001 -2.201798e-001 -1.516462e-001 -7.321899e-002 -2.440379e-001 2.052237e-001
<VARIANCE> 25
 3.483846e+001 3.933812e+001 4.927866e+001 4.666433e+001 3.598283e+001 4.414662e+001 3.509727e+001 3.245126e+001 3.356516e+001 3.081395e+001 2.190025e+001 2.565664e+001 3.052259e+000 1.778907e+000 2.572157e+000 2.351102e+000 2.291492e+000 2.102997e+000 2.422952e+000 2.746310e+000 2.322197e+000 2.119934e+000 1.794639e+000 1.746016e+000 2.158454e+000
<GCONST> 9.905624e+001
<TRANSP> 5
 0.000000e+000 1.000000e+000 0.000000e+000 0.000000e+000 0.000000e+000
 0.000000e+000 7.705770e-001 2.294230e-001 0.000000e+000 0.000000e+000
 0.000000e+000 0.000000e+000 8.103426e-001 1.896574e-001 0.000000e+000
 0.000000e+000 0.000000e+000 0.000000e+000 8.779663e-001 1.220337e-001
 0.000000e+000 0.000000e+000 0.000000e+000 0.000000e+000 0.000000e+000
<ENDHMM>
~h "ng"
<BEGINHMM>
<NUMSTATES> 5
<STATE> 2
<MEAN> 25
 7.255908e+000 -1.950442e+000 8.093961e-001 -2.231815e+000 -2.829616e+000 3.261848e+000 -2.387060e-001 -1.384013e+000 -4.855024e+000 3.914605e+000 -2.751860e+000 -5.262177e+000 4.664746e-001 1.245994e+000 1.530350e+000 1.114187e+000 -1.507845e+000 -1.189382e-001 1.619369e+000 -2.574922e+000 -8.329370e-001 6.544040e-001 -1.149041e+000 1.740150e+000 -1.389156e+000
<VARIANCE> 25
 8.364496e+000 2.887906e+001 3.074705e+001 3.474344e+001 4.661178e+001 4.689105e+001 4.834181e+001 5.627582e+001 4.233370e+001 4.194546e+001 3.848238e+001 4.667344e+001 5.485787e-001 1.559419e+000 2.418556e+000 2.508083e+000 3.167277e+000 3.104797e+000 4.323948e+000 3.916979e+000 5.441535e+000 3.109737e+000 4.124953e+000 3.818992e+000 6.460458e-001
<GCONST> 1.008920e+002
<STATE> 3
<MEAN> 25
 7.934125e+000 3.436620e-001 5.741721e+000 -1.266325e+000 -6.539554e+000 3.952308e+000 5.558167e-001 -6.230592e+000 -5.084277e+000 3.307312e+000 -3.806676e+000 -6.609050e-001 5.575596e-002 4.258975e-001 4.935915e-001 3.500405e-001 -2.062966e-001 -1.181897e-001 2.159692e-001 -5.113739e-001 -1.604492e-001 2.850576e-002 -8.823942e-002 4.176506e-001 -4.898295e-001
<VARIANCE> 25
 7.603508e+000 1.820852e+001 2.378597e+001 3.993481e+001 3.290099e+001 3.674253e+001 4.605615e+001 3.979352e+001 3.638645e+001 3.031260e+001 3.392064e+001 3.037070e+001 2.446178e-001 7.513859e-001 1.087956e+000 1.148736e+000 1.355085e+000 1.240435e+000 1.594937e+000 1.533134e+000 1.509645e+000 1.362951e+000 1.336490e+000 1.301850e+000 4.177220e-001
<GCONST> 8.663299e+001
<STATE> 4
<MEAN> 25
 6.379593e+000 3.057371e+000 4.344150e+000 1.192951e+000 -3.428504e+000 2.136796e+000 3.953871e+000 -6.151933e+000 -5.691555e+000 2.854721e+000 -4.480645e+000 7.892264e-002 -6.198114e-001 3.958276e-001 -6.765268e-001 4.374346e-001 1.175171e+000 -3.366915e-001 9.762053e-002 6.709109e-001 2.503071e-001 -3.406933e-001 2.310733e-001 -4.183586e-001 -8.746693e-001
<VARIANCE> 25
 1.653458e+001 2.277228e+001 2.921099e+001 4.278683e+001 5.627244e+001 3.446943e+001 4.956021e+001 5.099973e+001 4.364412e+001 3.895626e+001 4.055637e+001 3.316057e+001 1.012506e+000 1.898426e+000 2.026932e+000 2.666210e+000 3.076334e+000 2.820102e+000 2.973790e+000 3.574229e+000 3.231977e+000 2.603948e+000 2.569474e+000 2.594485e+000 3.151917e+000
<GCONST> 1.010965e+002
<TRANSP> 5
 0.000000e+000 1.000000e+000 0.000000e+000 0.000000e+000 0.000000e+000
 0.000000e+000 5.597924e-001 4.402076e-001 0.000000e+000 0.000000e+000
 0.000000e+000 0.000000e+000 7.461182e-001 2.538818e-001 0.000000e+000
 0.000000e+000 0.000000e+000 0.000000e+000 6.702202e-001 3.297798e-001
 0.000000e+000 0.000000e+000 0.000000e+000 0.000000e+000 0.000000e+000
<ENDHMM>
~h "ny"
<BEGINHMM>
<NUMSTATES> 5
<STATE> 2
<MEAN> 25
 5.352601e+000 4.170612e+000 7.606080e+000 1.669996e+000 -5.301533e+000 -3.008487e+000 -1.798429e+000 -2.291160e+000 -6.788593e+000 -2.174967e+000 2.167890e+000 1.439981e+000 -2.331923e-001 -1.566885e-001 5.334638e-001 -6.831139e-001 -4.869562e-001 1.995008e-001 2.454963e-002 4.700273e-001 -2.100729e-001 -2.195082e-001 3.469668e-001 4.325188e-002 5.387370e-001
<VARIANCE> 25
 1.642334e+001 2.408787e+001 3.115774e+001 5.301728e+001 3.409602e+001 3.535361e+001 4.009546e+001 6.325993e+001 4.391697e+001 4.380655e+001 4.313683e+001 4.316130e+001 2.161420e+000 4.643265e+000 3.085917e+000 5.462889e+000 3.572295e+000 3.230708e+000 3.995874e+000 1.017222e+001 4.535214e+000 3.884900e+000 3.645237e+000 2.750428e+000 3.522281e+000
<GCONST> 1.070766e+002
<STATE> 3
<MEAN> 25
 2.475309e+000 -5.645545e+000 8.422563e+000 -4.957144e+000 -9.620675e+000 -2.000995e+000 -9.420077e-001 9.986509e+000 -3.160129e+000 -5.198521e+000 2.296116e-001 1.345334e-001 1.993506e-001 -2.135662e+000 -1.625895e+000 3.138013e-001 6.485389e-001 2.212696e-001 5.286674e-002 1.772128e+000 1.498777e+000 -8.053516e-001 -1.518549e+000 -4.644604e-001 8.609918e-001
<VARIANCE> 25
 7.691032e+000 1.945770e+001 3.162464e+001 2.579410e+001 3.480202e+001 2.580431e+001 2.652962e+001 3.728199e+001 4.519071e+001 3.374915e+001 3.003523e+001 2.202744e+001 3.127033e-001 1.161532e+000 1.299957e+000 1.238346e+000 2.554483e+000 1.415428e+000 1.861887e+000 2.774467e+000 1.841216e+000 2.325207e+000 1.628483e+000 1.846317e+000 4.953888e-001
<GCONST> 8.942413e+001
<STATE> 4
<MEAN> 25
 3.063470e+000 -8.431882e+000 4.712169e-001 -1.942668e+000 -5.245761e-001 9.784466e-002 -1.660602e+000 1.005824e+001 1.828468e-002 -6.072358e+000 -4.768575e+000 -1.309083e+000 1.735895e-001 -2.174588e-001 -9.153718e-001 1.354572e-001 1.067519e+000 3.728079e-001 -2.729619e-001 -3.739744e-001 4.293619e-001 2.624901e-001 -4.599870e-001 -3.813096e-001 -3.614013e-001
<VARIANCE> 25
 9.983087e+000 2.734835e+001 2.689133e+001 2.310827e+001 4.453110e+001 2.349712e+001 2.771692e+001 4.521999e+001 4.396547e+001 3.580004e+001 2.773689e+001 1.849325e+001 2.999396e-001 8.221945e-001 1.066163e+000 7.872404e-001 1.405695e+000 9.977166e-001 1.263339e+000 1.339808e+000 1.358591e+000 1.203785e+000 1.245807e+000 1.237216e+000 5.941620e-001
<GCONST> 8.537001e+001
<TRANSP> 5
 0.000000e+000 1.000000e+000 0.000000e+000 0.000000e+000 0.000000e+000
 0.000000e+000 8.733217e-001 1.266783e-001 0.000000e+000 0.000000e+000
 0.000000e+000 0.000000e+000 6.986828e-001 3.013172e-001 0.000000e+000
 0.000000e+000 0.000000e+000 0.000000e+000 7.507086e-001 2.492914e-001
 0.000000e+000 0.000000e+000 0.000000e+000 0.000000e+000 0.000000e+000
<ENDHMM>
~h "oi"
<BEGINHMM>
<NUMSTATES> 5
<STATE> 2
<MEAN> 25
 8.680848e+000 -2.375392e+000 -6.613884e+000 -1.468185e+001 -6.490956e+000 1.225284e+001 -4.352015e+000 -3.730549e+000 2.427880e+000 6.354449e-001 4.875359e+000 -5.529976e-002 -1.434495e-001 -6.268101e-001 8.734828e-002 -4.128926e-001 2.981871e-002 -7.323416e-002 -7.603017e-001 2.211511e-002 2.218817e-001 1.004162e+000 5.829621e-002 -9.032353e-001 7.919534e-001
<VARIANCE> 25
 1.062884e+001 3.370245e+001 2.868509e+001 5.492939e+001 3.630053e+001 4.319430e+001 4.892747e+001 3.135546e+001 4.314803e+001 4.474925e+001 3.768387e+001 4.306344e+001 9.601784e-001 1.195424e+000 1.232778e+000 6.627687e+000 3.426163e+000 6.181039e+000 2.814782e+000 2.296715e+000 2.808890e+000 3.877367e+000 2.951361e+000 2.710418e+000 9.208937e-001
<GCONST> 1.003839e+002
<STATE> 3
<MEAN> 25
 4.402802e+000 -6.769323e+000 1.321750e+000 -5.146216e+000 -6.869809e+000 -5.789581e+000 -9.124034e+000 4.708605e+000 1.540111e+000 6.060970e+000 1.118915e+000 -3.736485e+000 -7.746273e-001 1.700321e-001 2.750132e+000 1.743933e+000 -1.878633e+000 -3.048380e+000 5.323187e-001 1.284230e+000 -1.655656e+000 -1.116604e+000 2.370523e-001 1.267530e+000 -2.225331e-001
<VARIANCE> 25
 7.437172e+000 2.414405e+001 5.398293e+001 3.473160e+001 4.175514e+001 6.149887e+001 2.348010e+001 6.163749e+001 4.207047e+001 3.356535e+001 4.047323e+001 3.833783e+001 3.702060e-001 9.193292e-001 1.521037e+000 1.865564e+000 2.228721e+000 3.815374e+000 2.207335e+000 4.341658e+000 4.225032e+000 2.470821e+000 4.354597e+000 2.653956e+000 2.339940e-001
<GCONST> 9.610800e+001
<STATE> 4
<MEAN> 25
 5.134803e-001 1.733665e-001 1.280420e+001 1.711555e-002 -1.125316e+001 -9.562072e+000 -3.853862e+000 -7.652308e-001 -8.149084e+000 9.943056e-001 3.776770e+000 6.067352e-001 -1.491089e-001 7.149839e-001 3.015146e-002 3.290016e-001 6.319191e-001 3.870887e-001 4.269886e-001 -6.843930e-001 4.825822e-002 -1.729974e-001 -3.502584e-001 -2.833962e-002 -1.243692e+000
<VARIANCE> 25
 1.361204e+001 2.806417e+001 4.075125e+001 2.753035e+001 3.850542e+001 4.376596e+001 4.168505e+001 8.833151e+001 4.363200e+001 2.930146e+001 2.786762e+001 2.849780e+001 6.699192e-001 1.070672e+000 3.540074e+000 1.465587e+000 2.458553e+000 1.850764e+000 2.328059e+000 3.060910e+000 3.496555e+000 1.820825e+000 1.824643e+000 1.918896e+000 1.223951e+000
<GCONST> 9.648606e+001
<TRANSP> 5
 0.000000e+000 1.000000e+000 0.000000e+000 0.000000e+000 0.000000e+000
 0.000000e+000 8.936625e-001 1.063376e-001 0.000000e+000 0.000000e+000
 0.000000e+000 0.000000e+000 8.107145e-001 1.892855e-001 0.000000e+000
 0.000000e+000 0.000000e+000 0.000000e+000 8.947359e-001 1.052640e-001
 0.000000e+000 0.000000e+000 0.000000e+000 0.000000e+000 0.000000e+000
<ENDHMM>
~h "sp"
<BEGINHMM>
<NUMSTATES> 3
<STATE> 2
~s "silst"
<TRANSP> 3
 0.000000e+000 2.146131e-001 7.853869e-001
 0.000000e+000 9.452247e-001 5.477533e-002
 0.000000e+000 0.000000e+000 0.000000e+000
<ENDHMM>
~h "sy"
<BEGINHMM>
<NUMSTATES> 5
<STATE> 2
<MEAN> 25
 -7.566655e+000 3.793960e+000 2.952226e+000 2.147024e+000 2.400817e+000 -1.671595e+000 3.026571e+000 1.085220e+000 1.220378e+000 -2.155497e+000 -5.877268e-001 2.832603e+000 -3.532913e+000 4.352494e-001 -1.340311e-001 -4.337669e-002 5.568296e-001 3.048441e-001 8.362814e-001 2.930743e-001 5.645578e-001 -2.301138e-001 7.553663e-001 3.611928e-001 5.382160e-002
<VARIANCE> 25
 6.859924e+001 3.469423e+001 4.665468e+001 2.885580e+001 3.993690e+001 4.818931e+001 4.420121e+001 3.939395e+001 3.675208e+001 2.773991e+001 2.768760e+001 2.242980e+001 5.227624e+000 4.712443e+000 3.722748e+000 3.680837e+000 4.490028e+000 4.064745e+000 5.191952e+000 3.964023e+000 3.446335e+000 3.121940e+000 3.428892e+000 2.447783e+000 2.826135e+000
<GCONST> 1.066026e+002
<STATE> 3
<MEAN> 25
 -2.251638e+001 1.017352e+000 1.416767e+000 -2.171302e+000 2.126468e+000 -1.112175e+000 4.992336e+000 1.886407e+000 3.169962e+000 2.990415e-002 3.920391e+000 4.548946e+000 -2.301188e-001 -5.480082e-001 -9.764493e-002 -2.692588e-001 -4.372192e-001 -4.084511e-002 6.299222e-002 -5.674576e-002 1.885269e-001 2.407877e-001 1.888144e-001 1.321204e-001 1.572561e-001
<VARIANCE> 25
 9.299208e+000 2.538382e+001 3.126261e+001 2.047632e+001 4.802553e+001 3.286405e+001 3.621658e+001 3.085173e+001 2.933522e+001 2.059271e+001 1.635843e+001 1.664254e+001 1.643364e+000 9.309394e-001 1.125488e+000 1.194814e+000 1.335460e+000 1.479453e+000 1.456599e+000 1.483014e+000 1.342084e+000 1.460540e+000 1.354533e+000 1.167546e+000 5.885835e-001
<GCONST> 8.703979e+001
<STATE> 4
<MEAN> 25
 -1.010889e+001 1.293804e-001 5.792381e+000 -7.360178e-001 -3.760310e+000 -4.446033e+000 1.371529e+000 7.434988e-001 1.697270e+000 -2.055653e+000 2.267731e+000 3.720331e+000 5.191857e+000 -3.330091e-001 1.122083e+000 1.457586e-001 -1.220422e+000 -1.256193e+000 -1.972145e+000 4.638420e-001 -6.313570e-001 -5.526320e-001 -8.182420e-001 -6.458105e-001 1.203794e+000
<VARIANCE> 25
 9.770680e+001 2.560675e+001 5.183109e+001 2.886573e+001 5.251049e+001 3.902032e+001 5.063970e+001 3.632635e+001 3.568607e+001 2.338613e+001 2.653232e+001 1.527210e+001 3.840960e+000 4.171524e+000 4.637906e+000 3.067790e+000 5.814204e+000 3.286620e+000 4.203426e+000 5.278533e+000 4.847153e+000 3.040363e+000 3.528831e+000 2.289620e+000 2.025308e+000
<GCONST> 1.059205e+002
<TRANSP> 5
 0.000000e+000 1.000000e+000 0.000000e+000 0.000000e+000 0.000000e+000
 0.000000e+000 8.052899e-001 1.947102e-001 0.000000e+000 0.000000e+000
 0.000000e+000 0.000000e+000 8.763210e-001 1.236790e-001 0.000000e+000
 0.000000e+000 0.000000e+000 0.000000e+000 7.425444e-001 2.574557e-001
 0.000000e+000 0.000000e+000 0.000000e+000 0.000000e+000 0.000000e+000
<ENDHMM>
~h "sil"
<BEGINHMM>
<NUMSTATES> 5
<STATE> 2
<MEAN> 25
 -5.641447e+000 -5.233224e-002 -1.559589e+000 5.045056e+000 3.511941e+000 -7.617238e-001 5.521029e+000 1.987772e+000 4.051513e-001 -5.257440e-001 5.118047e-001 3.207766e+000 1.610093e-001 -1.632213e-001 -2.242919e-001 -1.129164e-001 -1.626294e-001 -7.808452e-001 -4.501280e-001 -4.099828e-001 -1.705296e-001 -4.280393e-001 -9.811567e-002 4.009513e-001 -1.260588e+000
<VARIANCE> 25
 3.686380e+001 2.912354e+001 3.264804e+001 5.840728e+001 4.206301e+001 6.333610e+001 4.580913e+001 7.003622e+001 3.602364e+001 4.086589e+001 3.262521e+001 3.903123e+001 2.585649e+000 3.064331e+000 2.496420e+000 3.723610e+000 2.963754e+000 5.540090e+000 3.612991e+000 5.753531e+000 2.877787e+000 3.536388e+000 2.712187e+000 3.005777e+000 1.774215e+001
<GCONST> 1.083105e+002
<STATE> 3
~s "silst"
<STATE> 4
<MEAN> 25
 -5.001079e+000 3.451468e+000 -2.515827e+000 3.554050e+000 4.088601e+000 -6.976655e-001 4.737706e+000 8.233266e-001 5.333169e-001 -8.862711e-002 6.215796e-001 2.160857e+000 -9.521000e-003 1.384582e-002 3.746222e-003 -1.611609e-003 4.598694e-003 4.972532e-003 2.655951e-003 -3.454657e-003 8.351476e-003 2.400217e-002 2.235442e-003 -1.170063e-002 -1.204781e-002
<VARIANCE> 25
 8.334323e+000 8.796155e+000 1.024350e+001 1.339430e+001 1.439843e+001 1.498149e+001 1.960623e+001 2.279578e+001 1.895366e+001 1.653674e+001 1.490212e+001 1.305705e+001 1.309650e-001 2.850071e-001 4.326786e-001 6.114689e-001 8.030500e-001 9.906930e-001 1.114198e+000 1.230455e+000 1.257716e+000 1.238411e+000 1.168452e+000 1.060438e+000 7.495024e-002
<GCONST> 7.119353e+001
<TRANSP> 5
 0.000000e+000 1.000000e+000 0.000000e+000 0.000000e+000 0.000000e+000
 0.000000e+000 7.617370e-001 1.902065e-001 4.805651e-002 0.000000e+000
 0.000000e+000 0.000000e+000 8.734965e-001 1.265035e-001 0.000000e+000
 0.000000e+000 2.463051e-002 0.000000e+000 9.582116e-001 1.715794e-002
 0.000000e+000 0.000000e+000 0.000000e+000 0.000000e+000 0.000000e+000
<ENDHMM>
