~o
<STREAMINFO> 1 25
<VECSIZE> 25<NULLD><MFCC_D_N_Z_0><DIAGC>
~s "silst"
<MEAN> 25
 -5.313379e+000 -7.595843e-001 -3.552540e+000 3.110477e+000 3.143930e+000 -6.304799e-001 3.676011e+000 2.796938e-001 1.634389e+000 -1.882781e+000 7.083068e-001 2.799103e+000 -2.584590e-002 2.435163e-001 -2.914081e-002 1.182988e-002 3.079798e-002 5.249724e-002 3.481320e-002 -3.145210e-002 1.804151e-002 3.247828e-002 4.911543e-002 -4.032253e-002 -3.021550e-001
<VARIANCE> 25
 1.197885e+001 2.335915e+001 2.046357e+001 2.083559e+001 2.701522e+001 3.102877e+001 3.185514e+001 3.271585e+001 2.923192e+001 2.704946e+001 2.254698e+001 1.784330e+001 5.278097e-001 9.485185e-001 1.056535e+000 1.198864e+000 1.369786e+000 1.603169e+000 1.680963e+000 1.819319e+000 1.751824e+000 1.759036e+000 1.515623e+000 1.321105e+000 5.146145e-001
<GCONST> 8.659122e+001
~h "@"
<BEGINHMM>
<NUMSTATES> 5
<STATE> 2
<MEAN> 25
 3.684510e+000 -5.039535e-001 -3.782835e-001 -2.260325e+000 -1.851130e+000 -1.770456e+000 -4.675860e+000 -1.504059e+000 5.593509e-001 1.896448e+000 8.199888e-001 -1.209263e+000 2.213557e+000 -1.189288e+000 2.592416e-001 -1.750348e+000 -1.404875e+000 6.408521e-001 -2.307628e+000 1.142149e+000 6.805567e-001 1.016976e+000 5.330999e-001 -1.338472e+000 2.583852e+000
<VARIANCE> 25
 3.040894e+001 2.756837e+001 3.813860e+001 4.897808e+001 3.946977e+001 6.538943e+001 5.764305e+001 4.462465e+001 4.879184e+001 3.156435e+001 3.526163e+001 2.527335e+001 6.461326e+000 3.375037e+000 6.214047e+000 5.279868e+000 5.789962e+000 5.816735e+000 6.866631e+000 8.886399e+000 7.886425e+000 4.748940e+000 4.940275e+000 3.823176e+000 5.169357e+000
<GCONST> 1.124569e+002
<STATE> 3
<MEAN> 25
 5.861565e+000 -3.873948e+000 -4.146470e-001 -4.995361e+000 -3.647214e+000 1.443227e-001 -8.604460e+000 1.409757e+000 1.657926e+000 3.974919e+000 1.911200e+000 -3.246913e+000 1.117542e+000 -1.038266e+000 2.606460e-001 -8.510836e-001 -8.335774e-001 6.636768e-001 -1.360166e+000 1.074117e+000 4.462907e-001 8.484740e-001 2.565700e-001 -9.317618e-001 1.044458e+000
<VARIANCE> 25
 1.481697e+001 2.572365e+001 4.000412e+001 4.835101e+001 4.276188e+001 7.412411e+001 5.557463e+001 5.683133e+001 5.923198e+001 3.942114e+001 4.483994e+001 3.182379e+001 2.905819e+000 2.014667e+000 3.104148e+000 3.738680e+000 3.710910e+000 4.557150e+000 4.490345e+000 6.732290e+000 5.309400e+000 3.936656e+000 3.999670e+000 2.887497e+000 2.096778e+000
<GCONST> 1.072781e+002
<STATE> 4
<MEAN> 25
 5.353325e+000 -3.395562e+000 1.374404e+000 -3.581294e+000 -5.424583e+000 -5.986997e-001 -8.922459e+000 2.693708e+000 1.205995e+000 3.848072e+000 2.233726e+000 -3.746846e+000 1.115324e-001 2.147055e-001 1.909870e-001 3.522690e-001 1.035627e-001 3.431498e-002 3.029673e-001 -2.151807e-001 -1.600381e-001 -5.087478e-002 -1.478197e-001 6.423993e-002 -5.186829e-001
<VARIANCE> 25
 1.698723e+001 2.790151e+001 4.205809e+001 4.244275e+001 4.984766e+001 6.282797e+001 7.192774e+001 6.022814e+001 5.576420e+001 4.384529e+001 4.140064e+001 3.407865e+001 6.226750e-001 1.287659e+000 1.375297e+000 1.977662e+000 2.029738e+000 2.396579e+000 2.426438e+000 2.789159e+000 2.822262e+000 2.229684e+000 2.171808e+000 1.675232e+000 1.729314e+000
<GCONST> 9.902464e+001
<TRANSP> 5
 0.000000e+000 1.000000e+000 0.000000e+000 0.000000e+000 0.000000e+000
 0.000000e+000 1.946530e-001 8.053470e-001 0.000000e+000 0.000000e+000
 0.000000e+000 0.000000e+000 1.140121e-001 8.859879e-001 0.000000e+000
 0.000000e+000 0.000000e+000 0.000000e+000 6.986314e-001 3.013686e-001
 0.000000e+000 0.000000e+000 0.000000e+000 0.000000e+000 0.000000e+000
<ENDHMM>
~h "a"
<BEGINHMM>
<NUMSTATES> 5
<STATE> 2
<MEAN> 25
 4.707740e+000 -8.197552e+000 -3.475588e+000 -6.406652e+000 -1.591604e+000 2.079586e+000 -4.231695e+000 5.053183e+000 4.395442e+000 1.107775e+000 -1.999788e+000 -4.917499e+000 5.587749e-001 -1.996959e+000 -1.089917e+000 -1.080164e+000 5.749673e-001 1.441278e+000 -1.059920e-001 1.404073e+000 8.807626e-001 -4.830416e-001 -1.192898e+000 -1.438013e+000 1.851043e+000
<VARIANCE> 25
 1.546511e+001 2.608183e+001 3.472507e+001 3.668344e+001 5.036898e+001 6.789304e+001 4.679237e+001 6.969610e+001 4.333657e+001 4.125248e+001 4.279650e+001 3.115906e+001 2.366781e+000 2.274211e+000 2.675273e+000 3.174147e+000 3.986953e+000 3.651292e+000 4.330328e+000 6.019245e+000 3.993000e+000 3.696866e+000 3.758047e+000 2.822025e+000 3.708950e+000
<GCONST> 1.061331e+002
<STATE> 3
<MEAN> 25
 4.487611e+000 -1.139394e+001 -5.628459e+000 -6.997463e+000 1.500276e+000 5.306313e+000 -2.983269e+000 5.298965e+000 4.982446e+000 -1.381252e+000 -5.005344e+000 -6.519598e+000 3.855445e-003 -1.557096e-001 -3.690168e-002 8.910603e-002 3.404724e-001 4.551089e-002 1.670550e-001 4.262786e-002 -7.187196e-002 -1.322982e-001 -3.087397e-001 -4.238222e-002 -3.383102e-002
<VARIANCE> 25
 7.971665e+000 1.738007e+001 2.164534e+001 2.152205e+001 3.187202e+001 4.435440e+001 3.066008e+001 5.185984e+001 3.168090e+001 3.156155e+001 3.121004e+001 2.535478e+001 2.920769e-001 6.577868e-001 7.946087e-001 9.373415e-001 1.350353e+000 1.926107e+000 1.433701e+000 1.939678e+000 1.283224e+000 1.449926e+000 1.484834e+000 1.144312e+000 3.989158e-001
<GCONST> 8.549524e+001
<STATE> 4
<MEAN> 25
 4.682762e+000 -8.004059e+000 -4.471640e+000 -5.487055e+000 1.589330e+000 2.382450e+000 -2.306476e+000 4.963177e+000 4.324258e+000 4.229085e-001 -4.456254e+000 -5.343634e+000 4.656991e-002 1.442266e+000 6.524858e-001 8.891211e-001 -7.178751e-002 -7.448469e-001 1.420203e-001 -5.285432e-001 -4.577665e-001 3.808523e-001 4.187700e-001 5.246928e-001 -2.073746e+000
<VARIANCE> 25
 1.385385e+001 2.613545e+001 2.581134e+001 3.333571e+001 4.495104e+001 5.268285e+001 4.088482e+001 5.433390e+001 3.767641e+001 4.165283e+001 4.113475e+001 3.308794e+001 1.093663e+000 1.926323e+000 1.895231e+000 2.291375e+000 2.662920e+000 3.069304e+000 3.140989e+000 3.836771e+000 2.922290e+000 2.890793e+000 2.702240e+000 2.342526e+000 3.026513e+000
<GCONST> 1.005367e+002
<TRANSP> 5
 0.000000e+000 1.000000e+000 0.000000e+000 0.000000e+000 0.000000e+000
 0.000000e+000 5.514087e-001 4.485913e-001 0.000000e+000 0.000000e+000
 0.000000e+000 0.000000e+000 7.618599e-001 2.381400e-001 0.000000e+000
 0.000000e+000 0.000000e+000 0.000000e+000 7.022475e-001 2.977525e-001
 0.000000e+000 0.000000e+000 0.000000e+000 0.000000e+000 0.000000e+000
<ENDHMM>
~h "b"
<BEGINHMM>
<NUMSTATES> 5
<STATE> 2
<MEAN> 25
 7.612216e+000 7.288798e+000 3.301253e+000 3.006381e+000 1.901392e+000 4.151034e+000 1.638461e+000 -5.252222e+000 -2.977440e+000 -6.599366e-001 3.829631e-001 -1.003962e+000 3.551807e-001 1.238595e+000 3.654587e-001 6.178480e-001 5.587817e-001 2.382825e-001 8.701689e-001 -2.731247e-001 -1.499518e-001 -2.203836e-001 -1.507204e-001 3.374681e-002 -1.230545e+000
<VARIANCE> 25
 4.366792e+001 3.386137e+001 2.585067e+001 2.990993e+001 2.931751e+001 3.084902e+001 3.738365e+001 3.727628e+001 3.962498e+001 2.524828e+001 3.048887e+001 2.405900e+001 1.892196e+000 2.344548e+000 1.925779e+000 2.572037e+000 2.397174e+000 2.571362e+000 3.021098e+000 2.882188e+000 2.965388e+000 2.301794e+000 2.415081e+000 1.865461e+000 4.399493e+000
<GCONST> 9.942947e+001
<STATE> 3
<MEAN> 25
 8.953230e+000 9.781565e+000 4.725132e+000 4.219439e+000 2.744770e+000 4.423877e+000 3.254528e+000 -6.047814e+000 -4.108223e+000 -1.263112e+000 6.171015e-001 -5.334850e-001 -1.204987e+000 -2.100499e+000 -1.428579e+000 -1.134905e+000 -2.947780e-001 -1.050599e+000 -1.588812e+000 6.524899e-001 8.435016e-001 2.518667e-001 1.170264e+000 7.116695e-001 3.360165e+000
<VARIANCE> 25
 2.425641e+001 2.441126e+001 1.776458e+001 2.372095e+001 2.770505e+001 2.990462e+001 2.756192e+001 3.299122e+001 3.440242e+001 2.122256e+001 2.886843e+001 2.123209e+001 1.796502e+000 2.612615e+000 3.162317e+000 5.024706e+000 3.578845e+000 3.418772e+000 3.606898e+000 3.284568e+000 4.588985e+000 3.455604e+000 3.462746e+000 2.459131e+000 4.260703e+000
<GCONST> 1.005612e+002
<STATE> 4
<MEAN> 25
 5.738776e+000 1.287891e+000 -1.258812e+000 -1.853204e+000 5.154611e-002 2.445266e+000 -3.016145e+000 -5.066242e+000 -3.822493e-001 1.829341e+000 5.111103e+000 5.044903e-001 -5.918725e-001 -3.153818e+000 -1.514703e+000 -2.704535e+000 -1.885736e+000 -5.029763e-003 -2.732195e+000 1.179877e+000 1.881206e+000 1.305306e+000 6.899959e-001 -8.807898e-001 4.976136e+000
<VARIANCE> 25
 2.328632e+001 2.665265e+001 2.404928e+001 7.410962e+001 3.267488e+001 4.734995e+001 4.053313e+001 2.821479e+001 3.142877e+001 3.590497e+001 3.191713e+001 2.202516e+001 2.340593e+000 4.054925e+000 5.142448e+000 7.453602e+000 4.239231e+000 6.036884e+000 5.294415e+000 7.182954e+000 9.502739e+000 6.046545e+000 5.196207e+000 5.346090e+000 4.884728e+000
<GCONST> 1.095721e+002
<TRANSP> 5
 0.000000e+000 1.000000e+000 0.000000e+000 0.000000e+000 0.000000e+000
 0.000000e+000 7.919130e-001 2.080870e-001 0.000000e+000 0.000000e+000
 0.000000e+000 0.000000e+000 4.356973e-001 5.643027e-001 0.000000e+000
 0.000000e+000 0.000000e+000 0.000000e+000 3.651470e-001 6.348529e-001
 0.000000e+000 0.000000e+000 0.000000e+000 0.000000e+000 0.000000e+000
<ENDHMM>
~h "c"
<BEGINHMM>
<NUMSTATES> 5
<STATE> 2
<MEAN> 25
 -1.438960e+000 5.018344e+000 1.782855e+000 3.943807e+000 9.140873e-001 -4.235682e+000 1.635462e+000 2.549148e-002 3.411853e-001 -1.932595e+000 -3.415164e-001 2.370402e+000 -1.299187e+000 9.778070e-002 -6.697509e-001 -2.016711e-001 4.908598e-001 1.532686e-001 4.732765e-001 -2.335345e-001 2.606140e-001 4.507326e-002 1.475816e-001 6.633278e-002 -1.345912e+000
<VARIANCE> 25
 2.339982e+001 3.286857e+001 3.487658e+001 2.209702e+001 3.897459e+001 4.122491e+001 4.302567e+001 3.945362e+001 3.666031e+001 2.730288e+001 2.336948e+001 2.149881e+001 3.699630e+000 4.230562e+000 2.520729e+000 2.657624e+000 3.518877e+000 2.739029e+000 3.168176e+000 3.150610e+000 3.002725e+000 2.565669e+000 2.198184e+000 2.075717e+000 8.573015e+000
<GCONST> 1.021138e+002
<STATE> 3
<MEAN> 25
 -1.539034e+001 1.924081e+000 -3.278093e+000 -1.765212e+000 3.529562e+000 -3.251569e+000 3.361266e+000 -1.006308e+000 1.398910e+000 1.401230e-001 2.136051e+000 3.794813e+000 -2.436134e+000 -5.861257e-001 -3.255526e-001 -1.150767e+000 -3.341510e-001 -3.233833e-001 1.451065e-001 3.647566e-001 2.436434e-001 3.964195e-002 4.741774e-001 5.224350e-001 4.065722e+000
<VARIANCE> 25
 3.506263e+001 2.363145e+001 2.728073e+001 2.954597e+001 2.764140e+001 3.639018e+001 3.724615e+001 2.962211e+001 2.488991e+001 2.370807e+001 1.696444e+001 1.455942e+001 6.148643e+000 2.456849e+000 3.907016e+000 3.295932e+000 3.278331e+000 3.402252e+000 3.210452e+000 3.312287e+000 2.824947e+000 2.440546e+000 2.160356e+000 1.654191e+000 5.268801e+000
<GCONST> 1.000806e+002
<STATE> 4
<MEAN> 25
 -1.073746e+001 1.194129e+000 1.013240e+000 -1.224635e+000 -6.958323e-001 -5.857627e+000 1.632987e+000 2.053968e+000 2.397082e+000 -2.070652e+000 3.459360e-001 3.804260e+000 5.367098e+000 -1.210750e+000 1.860293e+000 1.935811e-001 -1.701638e+000 -3.263166e-001 -2.363550e+000 1.090540e+000 2.128568e-001 -4.473540e-001 -1.141478e+000 -1.103095e+000 2.180240e+000
<VARIANCE> 25
 8.419664e+001 2.421011e+001 3.515725e+001 2.865468e+001 2.711518e+001 3.391180e+001 6.179807e+001 3.409533e+001 2.775480e+001 2.449940e+001 2.381887e+001 1.693280e+001 3.126468e+000 5.149032e+000 4.525671e+000 5.097574e+000 3.675417e+000 4.538477e+000 5.207791e+000 7.699063e+000 5.681805e+000 3.847626e+000 3.266750e+000 2.608646e+000 2.488090e+000
<GCONST> 1.060423e+002
<TRANSP> 5
 0.000000e+000 1.000000e+000 0.000000e+000 0.000000e+000 0.000000e+000
 0.000000e+000 8.486643e-001 1.513357e-001 0.000000e+000 0.000000e+000
 0.000000e+000 0.000000e+000 7.357497e-001 2.642503e-001 0.000000e+000
 0.000000e+000 0.000000e+000 0.000000e+000 6.098539e-001 3.901461e-001
 0.000000e+000 0.000000e+000 0.000000e+000 0.000000e+000 0.000000e+000
<ENDHMM>
~h "d"
<BEGINHMM>
<NUMSTATES> 5
<STATE> 2
<MEAN> 25
 3.745754e+000 4.111190e+000 4.329853e+000 6.101069e+000 6.432223e-001 -1.786936e+000 -7.479841e-001 -5.557817e-001 1.775600e+000 -1.666486e+000 -2.849872e+000 -3.181302e-001 4.232202e-001 9.756935e-001 5.847506e-001 7.868256e-001 5.484304e-001 -1.866229e-001 3.116333e-001 -1.444347e-001 2.779115e-001 -1.939629e-001 -3.185731e-001 -7.553007e-002 -1.046387e+000
<VARIANCE> 25
 5.458849e+001 4.088414e+001 4.689005e+001 3.208891e+001 3.724572e+001 3.583730e+001 5.139653e+001 5.506097e+001 3.676146e+001 3.345707e+001 3.262391e+001 2.678373e+001 2.354254e+000 3.058906e+000 2.525478e+000 2.622039e+000 3.155914e+000 2.556595e+000 3.470278e+000 4.208683e+000 2.984524e+000 2.722739e+000 2.728636e+000 2.025642e+000 5.177331e+000
<GCONST> 1.040889e+002
<STATE> 3
<MEAN> 25
 7.542454e+000 6.899449e+000 8.672091e+000 8.764169e+000 1.336891e+000 -3.059882e+000 -1.285435e+000 -1.141994e+000 2.353048e+000 -1.965597e+000 -3.918774e+000 -1.010807e+000 -1.965627e+000 -2.379872e+000 -6.382413e-003 -1.880525e+000 -3.822448e-001 -3.592251e-001 -5.834538e-001 8.547898e-001 -8.643045e-001 -7.575555e-002 1.579312e+000 1.230374e+000 3.581075e+000
<VARIANCE> 25
 2.459389e+001 2.874847e+001 3.010162e+001 2.659072e+001 3.098476e+001 3.540494e+001 4.254634e+001 4.622353e+001 3.361291e+001 3.447357e+001 2.911920e+001 2.569728e+001 1.991740e+000 2.819165e+000 3.717654e+000 3.029393e+000 4.747486e+000 4.082434e+000 5.296934e+000 7.093299e+000 5.373380e+000 3.828289e+000 3.114968e+000 2.763853e+000 3.917858e+000
<GCONST> 1.047302e+002
<STATE> 4
<MEAN> 25
 1.340649e+000 -2.858809e+000 6.863655e+000 1.247644e+000 -2.048583e+000 -4.583255e+000 -4.483871e+000 2.373950e+000 2.536989e-001 -1.424777e+000 1.252283e+000 3.100484e+000 -9.895574e-001 -2.598468e+000 -6.113343e-001 -2.389951e+000 -2.719443e+000 -4.145378e-001 -1.811707e+000 1.796857e+000 -7.135800e-002 3.221133e-001 1.420683e+000 2.904668e-001 4.960189e+000
<VARIANCE> 25
 1.872449e+001 2.505982e+001 3.908880e+001 2.960183e+001 5.160059e+001 4.465449e+001 8.252768e+001 5.103167e+001 4.688519e+001 2.675138e+001 2.377060e+001 2.270101e+001 2.693233e+000 3.285769e+000 5.961943e+000 4.239741e+000 4.968473e+000 4.032686e+000 5.403634e+000 1.110601e+001 8.471027e+000 4.556177e+000 4.958457e+000 3.540234e+000 3.712965e+000
<GCONST> 1.089975e+002
<TRANSP> 5
 0.000000e+000 1.000000e+000 0.000000e+000 0.000000e+000 0.000000e+000
 0.000000e+000 8.064762e-001 1.935238e-001 0.000000e+000 0.000000e+000
 0.000000e+000 0.000000e+000 4.187109e-001 5.812891e-001 0.000000e+000
 0.000000e+000 0.000000e+000 0.000000e+000 3.749390e-001 6.250610e-001
 0.000000e+000 0.000000e+000 0.000000e+000 0.000000e+000 0.000000e+000
<ENDHMM>
~h "e"
<BEGINHMM>
<NUMSTATES> 5
<STATE> 2
<MEAN> 25
 2.454111e+000 -4.556329e+000 2.454004e+000 -4.521021e-001 -5.415112e+000 -5.053608e+000 -2.800214e+000 3.216455e+000 9.894389e-001 8.719368e-001 1.089150e+000 -9.206812e-001 8.331748e-001 -1.877870e+000 1.068498e+000 -9.517632e-001 -2.079456e+000 -5.859753e-001 -6.303700e-001 2.327656e+000 -1.522006e-001 -1.837692e-001 1.882233e-001 -3.429122e-001 2.708021e+000
<VARIANCE> 25
 3.498383e+001 4.603815e+001 4.553719e+001 3.905681e+001 4.764700e+001 4.587623e+001 6.418813e+001 6.862646e+001 5.121305e+001 3.865943e+001 4.001891e+001 2.937729e+001 4.357338e+000 3.755289e+000 4.002334e+000 4.693413e+000 5.517241e+000 4.991471e+000 6.160968e+000 7.837188e+000 6.652359e+000 4.895400e+000 4.815582e+000 3.169250e+000 7.504679e+000
<GCONST> 1.127004e+002
<STATE> 3
<MEAN> 25
 3.961330e+000 -8.174450e+000 5.384798e+000 -2.114781e+000 -1.052086e+001 -5.562240e+000 -3.386416e+000 8.106259e+000 2.338270e-001 2.068481e-002 2.812846e+000 -1.081266e+000 -1.847875e-001 -2.282144e-001 6.438481e-001 -3.491459e-001 -9.170099e-001 -1.265609e-001 6.297313e-001 7.618627e-001 -4.476864e-001 -9.009521e-004 4.229258e-001 1.582820e-002 3.585718e-001
<VARIANCE> 25
 1.276877e+001 3.250141e+001 4.125120e+001 3.644887e+001 4.647199e+001 4.573106e+001 5.943568e+001 7.067719e+001 5.904543e+001 3.986356e+001 5.054205e+001 3.306101e+001 1.065447e+000 1.800226e+000 2.055290e+000 2.203681e+000 3.071325e+000 2.774692e+000 3.671148e+000 3.854451e+000 3.628971e+000 2.759230e+000 2.592536e+000 2.109273e+000 3.856263e+000
<GCONST> 1.027872e+002
<STATE> 4
<MEAN> 25
 2.576542e+000 -6.937198e+000 7.316083e+000 -3.060740e+000 -1.150601e+001 -6.916701e+000 1.808691e-001 7.808538e+000 -2.016618e+000 6.909559e-001 3.396741e+000 -8.832908e-001 4.943589e-002 3.257176e-001 -2.422918e-001 2.488270e-001 5.146205e-001 8.067243e-002 7.397890e-002 -3.174091e-001 6.416856e-002 5.834524e-002 -3.096621e-001 -5.149136e-002 -5.104047e-001
<VARIANCE> 25
 1.080797e+001 3.244048e+001 4.309281e+001 3.005799e+001 4.065973e+001 4.357842e+001 5.081592e+001 6.222407e+001 5.074361e+001 3.596077e+001 3.904036e+001 2.594205e+001 4.989794e-001 9.758888e-001 1.118677e+000 1.296016e+000 1.750443e+000 1.446549e+000 1.955404e+000 1.891847e+000 1.764177e+000 1.488153e+000 1.483835e+000 1.160761e+000 1.504031e+000
<GCONST> 9.274765e+001
<TRANSP> 5
 0.000000e+000 1.000000e+000 0.000000e+000 0.000000e+000 0.000000e+000
 0.000000e+000 5.023677e-001 4.976323e-001 0.000000e+000 0.000000e+000
 0.000000e+000 0.000000e+000 5.370523e-001 4.629478e-001 0.000000e+000
 0.000000e+000 0.000000e+000 0.000000e+000 8.312491e-001 1.687508e-001
 0.000000e+000 0.000000e+000 0.000000e+000 0.000000e+000 0.000000e+000
<ENDHMM>
~h "f"
<BEGINHMM>
<NUMSTATES> 5
<STATE> 2
<MEAN> 25
 -1.749129e+000 1.860314e+000 -4.925793e-001 3.816400e+000 2.443669e+000 7.031238e-001 2.659486e+000 -4.524924e-001 8.617487e-001 2.550738e-001 6.023672e-001 1.233251e+000 -3.324636e+000 -2.540372e-003 -6.918790e-001 1.437446e+000 7.606633e-001 -6.906281e-001 6.132498e-001 2.834977e-001 9.158034e-001 -1.117990e-001 5.025217e-002 4.825161e-001 -1.382659e+000
<VARIANCE> 25
 4.745026e+001 2.458779e+001 3.370230e+001 4.232644e+001 3.302145e+001 5.028207e+001 3.388052e+001 3.839592e+001 3.289182e+001 2.558963e+001 2.333107e+001 2.164654e+001 3.296831e+000 4.198009e+000 3.338454e+000 5.108546e+000 4.818633e+000 5.835813e+000 4.982463e+000 4.364154e+000 3.819846e+000 3.261890e+000 2.731609e+000 2.470561e+000 2.440808e+000
<GCONST> 1.050215e+002
<STATE> 3
<MEAN> 25
 -9.991342e+000 -1.226953e+000 -3.984208e+000 3.978217e+000 2.652096e+000 -6.396946e-001 2.331167e+000 4.766783e-001 2.046962e+000 -5.247420e-002 1.019656e+000 2.762757e+000 -3.033892e-001 -2.674580e-001 -1.834698e-001 -3.635488e-002 2.512868e-002 9.959033e-003 2.619264e-002 4.455423e-002 2.456214e-002 1.664729e-002 4.456796e-002 3.366821e-002 -1.547807e-001
<VARIANCE> 25
 3.023783e+001 2.164067e+001 1.787529e+001 1.759654e+001 2.233934e+001 2.514524e+001 2.523786e+001 2.407046e+001 2.363701e+001 2.150846e+001 1.660128e+001 1.538660e+001 1.418099e+000 1.097708e+000 1.251305e+000 1.231879e+000 1.342968e+000 1.512702e+000 1.534621e+000 1.575333e+000 1.550106e+000 1.552115e+000 1.372335e+000 1.270450e+000 1.117070e+000
<GCONST> 8.670764e+001
<STATE> 4
<MEAN> 25
 -8.079682e+000 -1.955973e+000 -4.101233e+000 3.059838e+000 2.673511e+000 -4.047930e-001 2.640292e+000 1.504452e-001 2.054929e+000 3.269019e-001 1.290843e+000 2.004191e+000 3.353532e+000 5.838976e-001 5.042002e-001 -1.275459e+000 -7.828297e-001 5.657389e-001 -6.021733e-001 -3.272265e-001 -6.673650e-001 -2.343967e-001 -4.889910e-002 -7.842576e-001 1.262772e+000
<VARIANCE> 25
 5.077115e+001 2.668627e+001 2.961147e+001 3.521196e+001 3.059014e+001 3.822985e+001 2.782119e+001 3.047425e+001 2.712065e+001 2.257113e+001 1.963000e+001 1.795772e+001 6.836391e+000 3.952086e+000 4.196053e+000 6.340259e+000 4.071583e+000 5.371705e+000 4.047202e+000 3.721890e+000 3.603752e+000 2.953958e+000 2.579623e+000 2.394838e+000 5.896015e+000
<GCONST> 1.045323e+002
<TRANSP> 5
 0.000000e+000 1.000000e+000 0.000000e+000 0.000000e+000 0.000000e+000
 0.000000e+000 6.964312e-001 3.035688e-001 0.000000e+000 0.000000e+000
 0.000000e+000 0.000000e+000 8.956423e-001 1.043577e-001 0.000000e+000
 0.000000e+000 0.000000e+000 0.000000e+000 6.559620e-001 3.440380e-001
 0.000000e+000 0.000000e+000 0.000000e+000 0.000000e+000 0.000000e+000
<ENDHMM>
~h "g"
<BEGINHMM>
<NUMSTATES> 5
<STATE> 2
<MEAN> 25
 7.511321e+000 5.088778e+000 6.677991e+000 4.375673e+000 -1.871253e+000 -3.879442e+000 -9.469904e-001 -1.511134e+000 -3.800915e+000 2.322671e+000 2.861756e-003 -2.487241e+000 3.622514e-001 1.556996e+000 6.720382e-001 1.191621e+000 4.475215e-001 -3.560413e-001 1.008857e+000 -5.669729e-001 9.927928e-002 -4.245764e-001 -2.019401e-001 1.107630e-001 -2.213961e+000
<VARIANCE> 25
 2.058582e+001 4.485237e+001 4.038502e+001 3.436401e+001 5.189957e+001 5.202871e+001 5.368093e+001 5.417651e+001 4.853046e+001 3.944354e+001 3.494693e+001 2.782565e+001 1.918709e+000 2.366942e+000 3.225922e+000 2.894627e+000 3.996711e+000 3.746791e+000 3.748873e+000 4.140542e+000 4.884223e+000 3.120109e+000 2.683375e+000 2.411090e+000 4.472275e+000
<GCONST> 1.056086e+002
<STATE> 3
<MEAN> 25
 3.486988e+000 5.914625e+000 4.896068e+000 6.826289e+000 1.930584e+000 -3.498576e+000 1.999998e+000 -2.305923e+000 -2.249443e+000 1.109221e+000 -1.155883e+000 2.649081e-001 -2.223646e+000 -2.105440e+000 -1.929316e+000 -5.918900e-001 1.525764e+000 -6.134399e-001 -6.380410e-001 8.430386e-001 2.690280e-002 8.429529e-002 1.440364e-002 1.257751e+000 2.947227e+000
<VARIANCE> 25
 4.070325e+001 5.016755e+001 5.949658e+001 3.016263e+001 5.891121e+001 4.679593e+001 3.851074e+001 3.638847e+001 4.066824e+001 2.955576e+001 2.427825e+001 2.616963e+001 2.145784e+000 3.811219e+000 5.691117e+000 3.922472e+000 6.138256e+000 4.936153e+000 4.184708e+000 4.872758e+000 4.581584e+000 3.395816e+000 3.290375e+000 2.893051e+000 5.324017e+000
<GCONST> 1.080775e+002
<STATE> 4
<MEAN> 25
 1.979259e-001 -4.892211e-001 1.246554e+000 2.092402e+000 -4.791600e-001 -6.954214e+000 -2.430888e+000 1.401299e+000 -2.455594e+000 2.449559e+000 1.624131e+000 2.109622e+000 3.114723e-001 -1.009462e+000 3.436070e-001 -1.998468e+000 -2.482997e+000 -1.193293e-001 -1.358957e+000 1.383247e+000 3.540358e-001 2.685329e-001 1.045786e+000 -5.700727e-001 2.785196e+000
<VARIANCE> 25
 2.408887e+001 3.075205e+001 7.254710e+001 3.186522e+001 8.554547e+001 5.632155e+001 5.475747e+001 4.647956e+001 4.120345e+001 3.219924e+001 3.367929e+001 2.269676e+001 2.683285e+000 3.559813e+000 5.758989e+000 3.679196e+000 6.787602e+000 4.423821e+000 4.342200e+000 6.327930e+000 6.428776e+000 3.929269e+000 4.149182e+000 3.312660e+000 3.817665e+000
<GCONST> 1.096672e+002
<TRANSP> 5
 0.000000e+000 1.000000e+000 0.000000e+000 0.000000e+000 0.000000e+000
 0.000000e+000 7.312004e-001 2.687996e-001 0.000000e+000 0.000000e+000
 0.000000e+000 0.000000e+000 5.939507e-001 4.060493e-001 0.000000e+000
 0.000000e+000 0.000000e+000 0.000000e+000 5.522101e-001 4.477899e-001
 0.000000e+000 0.000000e+000 0.000000e+000 0.000000e+000 0.000000e+000
<ENDHMM>
~h "h"
<BEGINHMM>
<NUMSTATES> 5
<STATE> 2
<MEAN> 25
 2.167203e+000 -2.187381e+000 -1.865952e+000 4.627609e-001 5.708215e+000 4.311436e+000 3.401196e+000 2.878394e+000 1.058953e+000 -1.790397e-001 -2.792871e+000 1.569076e-001 -1.110106e+000 4.163463e-001 3.386781e-002 1.646802e+000 2.036188e+000 5.017453e-001 1.716935e+000 9.269693e-002 5.474458e-001 -3.958441e-001 -5.451179e-002 9.015372e-001 -1.303966e+000
<VARIANCE> 25
 1.662589e+001 3.207220e+001 4.313967e+001 3.905137e+001 5.160818e+001 6.070757e+001 4.723735e+001 4.983604e+001 3.897680e+001 3.927139e+001 4.424369e+001 3.892518e+001 1.520887e+000 3.137862e+000 3.045472e+000 3.418540e+000 3.495016e+000 3.593624e+000 4.504514e+000 4.089390e+000 3.519447e+000 3.062742e+000 3.299405e+000 3.109610e+000 1.899142e+000
<GCONST> 1.049506e+002
<STATE> 3
<MEAN> 25
 -1.463132e+000 -3.606120e+000 -2.082169e+000 3.225422e+000 8.872590e+000 4.212451e+000 6.617478e+000 3.991228e+000 2.382539e+000 -1.104824e+000 -2.579209e+000 1.534569e+000 -5.792743e-001 -1.553006e-001 -3.219886e-001 -3.266883e-002 -8.570544e-002 -2.744166e-001 1.388100e-003 -1.450419e-001 6.277053e-002 -5.813210e-002 2.236901e-001 1.184906e-001 -1.120896e+000
<VARIANCE> 25
 2.019634e+001 2.969791e+001 3.631496e+001 3.656271e+001 5.543547e+001 4.882734e+001 5.462401e+001 4.505152e+001 4.004740e+001 3.836382e+001 3.474380e+001 3.303346e+001 1.565112e+000 2.295706e+000 2.580275e+000 2.516495e+000 3.017248e+000 3.041047e+000 3.202309e+000 3.337705e+000 2.758664e+000 2.548090e+000 2.539706e+000 2.138926e+000 2.736038e+000
<GCONST> 1.020137e+002
<STATE> 4
<MEAN> 25
 -3.405403e+000 -3.720456e+000 -5.118012e+000 1.121694e+000 5.459619e+000 2.649731e+000 3.427680e+000 1.151634e+000 1.800051e+000 -1.650446e+000 -8.604096e-001 1.291265e+000 2.027437e-001 2.023806e-001 4.462325e-002 -1.097626e-001 -3.173302e-001 -6.142600e-002 -1.397810e-001 -1.522813e-001 -9.954930e-002 4.336084e-002 1.139490e-003 -1.312191e-001 -9.335960e-002
<VARIANCE> 25
 2.348186e+001 4.856509e+001 3.073595e+001 2.726523e+001 3.943369e+001 3.745587e+001 3.468520e+001 2.991707e+001 2.863352e+001 2.715807e+001 2.393069e+001 2.299491e+001 1.490935e+000 1.977329e+000 1.582692e+000 1.580973e+000 1.918655e+000 1.968350e+000 2.118888e+000 2.002381e+000 1.950574e+000 1.875789e+000 1.732228e+000 1.664935e+000 2.217793e+000
<GCONST> 9.485154e+001
<TRANSP> 5
 0.000000e+000 1.000000e+000 0.000000e+000 0.000000e+000 0.000000e+000
 0.000000e+000 4.753557e-001 5.246444e-001 0.000000e+000 0.000000e+000
 0.000000e+000 0.000000e+000 6.001999e-001 3.998001e-001 0.000000e+000
 0.000000e+000 0.000000e+000 0.000000e+000 8.269792e-001 1.730209e-001
 0.000000e+000 0.000000e+000 0.000000e+000 0.000000e+000 0.000000e+000
<ENDHMM>
~h "i"
<BEGINHMM>
<NUMSTATES> 5
<STATE> 2
<MEAN> 25
 -3.831381e-001 1.471715e+000 1.291255e+001 2.456017e+000 -8.204619e+000 -5.561140e+000 -3.052682e+000 -2.476852e+000 -7.031114e+000 -2.099072e+000 3.262539e+000 9.335743e-001 7.042770e-001 -6.298864e-002 2.975351e+000 -5.407674e-001 -2.842494e+000 2.861134e-001 -1.652397e+000 -3.098777e-001 -2.007990e+000 -1.634244e-001 1.105167e+000 -3.399628e-001 1.772633e+000
<VARIANCE> 25
 2.692836e+001 3.225238e+001 4.828576e+001 3.624550e+001 4.560811e+001 4.089952e+001 5.004650e+001 5.082576e+001 4.577061e+001 3.380458e+001 2.854424e+001 2.722508e+001 5.365673e+000 3.008560e+000 4.833078e+000 4.704070e+000 4.374795e+000 4.840960e+000 5.927078e+000 6.057579e+000 6.186054e+000 4.733174e+000 3.123198e+000 3.388147e+000 3.988379e+000
<GCONST> 1.092122e+002
<STATE> 3
<MEAN> 25
 1.830319e-001 2.241846e+000 1.843854e+001 -5.900277e-001 -1.294976e+001 -2.234958e+000 -6.642788e+000 -3.846166e+000 -9.925707e+000 -1.345431e+000 4.825821e+000 -3.225057e-001 7.806619e-002 2.354527e-002 5.120650e-003 -1.575596e-001 -2.059281e-001 9.341339e-002 -3.541292e-002 3.554808e-002 6.064413e-003 1.850576e-001 5.266629e-002 -2.839321e-002 -4.933944e-003
<VARIANCE> 25
 1.122828e+001 2.480811e+001 3.343729e+001 4.158955e+001 2.637688e+001 4.057895e+001 2.903662e+001 5.225591e+001 4.319635e+001 4.589613e+001 2.998614e+001 3.287437e+001 4.876337e-001 1.063148e+000 1.357413e+000 1.257711e+000 1.474229e+000 1.778516e+000 1.622862e+000 2.066994e+000 1.580147e+000 1.440274e+000 1.187795e+000 1.078285e+000 7.399989e-001
<GCONST> 9.042089e+001
<STATE> 4
<MEAN> 25
 1.151464e+000 3.067615e+000 1.319073e+001 1.903875e+000 -8.982467e+000 -4.426456e+000 -2.321773e+000 -2.597487e+000 -6.280362e+000 -7.358746e-001 3.206196e+000 6.524472e-001 2.306058e-001 4.309159e-001 -1.734732e+000 6.732793e-001 1.636700e+000 -2.181382e-001 1.034561e+000 2.123790e-001 1.263090e+000 6.431718e-003 -7.196146e-001 1.722115e-001 -1.943512e+000
<VARIANCE> 25
 1.730098e+001 3.221483e+001 3.975240e+001 3.545233e+001 4.504156e+001 5.171373e+001 4.469418e+001 5.100307e+001 4.426313e+001 3.910907e+001 3.218945e+001 2.981042e+001 2.000935e+000 2.597630e+000 2.459873e+000 2.792615e+000 3.439835e+000 3.490366e+000 3.949386e+000 4.480481e+000 4.057287e+000 3.200420e+000 2.645174e+000 2.294143e+000 3.947121e+000
<GCONST> 1.040029e+002
<TRANSP> 5
 0.000000e+000 1.000000e+000 0.000000e+000 0.000000e+000 0.000000e+000
 0.000000e+000 6.310623e-001 3.689377e-001 0.000000e+000 0.000000e+000
 0.000000e+000 0.000000e+000 7.840817e-001 2.159183e-001 0.000000e+000
 0.000000e+000 0.000000e+000 0.000000e+000 7.543690e-001 2.456310e-001
 0.000000e+000 0.000000e+000 0.000000e+000 0.000000e+000 0.000000e+000
<ENDHMM>
~h "j"
<BEGINHMM>
<NUMSTATES> 5
<STATE> 2
<MEAN> 25
 2.877400e+000 7.445343e+000 7.539514e+000 5.584049e+000 -1.116901e+000 -3.094220e+000 5.833592e-001 8.352513e-001 -8.218063e-001 -3.156439e+000 1.899802e-001 1.607789e+000 -2.536177e-001 1.222300e+000 2.394291e-001 3.309562e-001 7.618047e-001 1.188108e-001 9.033225e-001 -8.150700e-003 4.775107e-001 -3.100379e-002 -1.615445e-001 -3.982168e-002 -1.275905e+000
<VARIANCE> 25
 3.601657e+001 4.007045e+001 4.881354e+001 2.547943e+001 3.487538e+001 4.484568e+001 4.341565e+001 3.663527e+001 3.925040e+001 2.827792e+001 2.426938e+001 2.139151e+001 4.027196e+000 2.854308e+000 2.760395e+000 2.573200e+000 3.134909e+000 2.805246e+000 3.534712e+000 3.394787e+000 3.489445e+000 2.670362e+000 2.232100e+000 2.040219e+000 5.472342e+000
<GCONST> 1.028476e+002
<STATE> 3
<MEAN> 25
 -7.473214e+000 8.771740e+000 6.534512e+000 3.872104e+000 2.735618e+000 -3.145325e+000 2.586617e+000 -1.385898e+000 -5.441989e-001 -1.925080e+000 1.586488e+000 3.514541e+000 -1.281076e+000 -1.337075e+000 3.852506e-001 -6.262324e-001 -1.270270e+000 -9.460993e-001 -1.127735e+000 -3.739066e-001 -5.677817e-001 -1.547465e-001 7.561530e-001 8.737284e-001 3.418871e+000
<VARIANCE> 25
 4.906917e+001 3.991870e+001 4.604895e+001 2.612974e+001 3.694802e+001 4.620586e+001 3.598083e+001 2.726005e+001 2.463207e+001 2.207457e+001 1.850897e+001 1.730875e+001 1.161152e+001 3.521595e+000 5.032430e+000 3.661328e+000 7.871550e+000 4.116723e+000 4.149846e+000 4.123239e+000 3.651670e+000 2.532015e+000 2.115477e+000 2.154386e+000 3.134019e+000
<GCONST> 1.048447e+002
<STATE> 4
<MEAN> 25
 4.702315e-001 -3.680160e-001 1.039795e+001 4.579181e-001 -9.700624e+000 -8.519270e+000 -6.235339e+000 2.689089e+000 -1.145608e+000 -2.690419e+000 4.709306e+000 5.045395e+000 2.384825e+000 -2.911351e+000 -1.071268e+000 -1.392625e+000 -1.674346e+000 3.509901e-001 -1.627499e+000 2.340058e+000 1.133350e+000 7.759354e-001 -2.524094e-001 -1.268195e+000 1.518075e+000
<VARIANCE> 25
 1.215458e+001 2.837525e+001 2.616225e+001 3.511580e+001 2.504664e+001 2.031220e+001 3.357734e+001 5.425396e+001 4.693477e+001 2.283984e+001 1.990293e+001 1.873048e+001 2.527314e+000 2.639535e+000 4.920231e+000 2.354042e+000 6.052698e+000 3.468672e+000 6.177155e+000 6.500556e+000 5.601010e+000 2.947544e+000 3.685266e+000 2.559777e+000 1.187566e+000
<GCONST> 1.015553e+002
<TRANSP> 5
 0.000000e+000 1.000000e+000 0.000000e+000 0.000000e+000 0.000000e+000
 0.000000e+000 8.352519e-001 1.647481e-001 0.000000e+000 0.000000e+000
 0.000000e+000 0.000000e+000 7.736352e-001 2.263648e-001 0.000000e+000
 0.000000e+000 0.000000e+000 0.000000e+000 6.036618e-001 3.963382e-001
 0.000000e+000 0.000000e+000 0.000000e+000 0.000000e+000 0.000000e+000
<ENDHMM>
~h "k"
<BEGINHMM>
<NUMSTATES> 5
<STATE> 2
<MEAN> 25
 -1.574362e+000 2.562635e+000 -1.720697e+000 1.870409e+000 1.485368e+000 -1.702261e+000 2.218367e+000 -3.952748e-001 5.433633e-001 6.993471e-002 -4.856408e-001 9.775356e-001 -7.178649e-001 -3.057582e-002 -4.366772e-001 2.509829e-001 2.276033e-001 -7.796541e-002 2.451985e-001 1.365172e-002 2.610929e-001 -1.453634e-001 -1.054671e-003 3.247032e-001 -1.111225e+000
<VARIANCE> 25
 2.819851e+001 2.921719e+001 3.281436e+001 2.988038e+001 3.830632e+001 4.042785e+001 3.641069e+001 3.939811e+001 3.611519e+001 3.113918e+001 2.678225e+001 2.450909e+001 1.854478e+000 2.537688e+000 2.491647e+000 2.372188e+000 3.122953e+000 2.975820e+000 2.930507e+000 2.876850e+000 2.986714e+000 2.552012e+000 2.164100e+000 1.927610e+000 5.590601e+000
<GCONST> 1.005419e+002
<STATE> 3
<MEAN> 25
 -5.069901e+000 -2.162955e+000 -6.300865e+000 1.290242e+000 4.465676e+000 -4.083781e+000 1.366692e+000 2.467249e-001 8.415963e-001 1.596378e+000 -9.468212e-001 2.868229e+000 -8.681319e-001 -2.246700e+000 -2.239257e+000 -9.322788e-001 1.424363e+000 -9.046553e-001 -9.862393e-001 8.005704e-001 -8.627334e-002 8.971852e-001 -5.104651e-001 3.146677e-001 4.752705e+000
<VARIANCE> 25
 2.521873e+001 5.775960e+001 6.012841e+001 4.336304e+001 5.227310e+001 4.947740e+001 4.446360e+001 4.039151e+001 3.728955e+001 3.164517e+001 2.461591e+001 2.510233e+001 3.545708e+000 4.557440e+000 5.972721e+000 5.333309e+000 5.808578e+000 5.342776e+000 4.842907e+000 4.644449e+000 4.400523e+000 3.560582e+000 3.557354e+000 3.190480e+000 7.864639e+000
<GCONST> 1.099830e+002
<STATE> 4
<MEAN> 25
 -3.523284e+000 -2.666925e+000 -7.828630e+000 -2.308229e+000 4.605145e+000 -4.784208e+000 -5.637512e-001 1.957850e+000 4.049958e-001 3.018543e+000 -2.098670e+000 7.377769e-001 2.034602e+000 6.093393e-001 1.665289e+000 -9.523392e-001 -1.725220e+000 6.459477e-001 -4.367894e-001 4.362972e-001 -3.550835e-001 -3.502705e-001 2.959752e-001 -1.460666e+000 2.779439e+000
<VARIANCE> 25
 3.774562e+001 3.642810e+001 6.309081e+001 5.132845e+001 5.437053e+001 6.089242e+001 4.745316e+001 4.524224e+001 4.291761e+001 3.228794e+001 3.188702e+001 3.445649e+001 4.255889e+000 4.663843e+000 5.085382e+000 5.725974e+000 5.354061e+000 5.356078e+000 5.077662e+000 5.506258e+000 4.784562e+000 3.538381e+000 3.881140e+000 3.802161e+000 6.722514e+000
<GCONST> 1.117411e+002
<TRANSP> 5
 0.000000e+000 1.000000e+000 0.000000e+000 0.000000e+000 0.000000e+000
 0.000000e+000 8.129532e-001 1.870468e-001 0.000000e+000 0.000000e+000
 0.000000e+000 0.000000e+000 5.800655e-001 4.199345e-001 0.000000e+000
 0.000000e+000 0.000000e+000 0.000000e+000 5.421885e-001 4.578114e-001
 0.000000e+000 0.000000e+000 0.000000e+000 0.000000e+000 0.000000e+000
<ENDHMM>
~h "l"
<BEGINHMM>
<NUMSTATES> 5
<STATE> 2
<MEAN> 25
 6.239864e+000 -4.396450e+000 1.282414e+000 -5.318129e+000 -1.995791e+000 1.318681e+000 -8.286668e+000 -4.024128e+000 2.894654e+000 4.184704e+000 1.160441e+000 -2.416210e+000 5.716477e-001 2.139759e-001 6.846604e-001 -6.462920e-001 8.286552e-001 7.666839e-003 -1.440538e+000 -1.456346e+000 -1.071624e-002 1.086170e+000 3.401875e-001 -2.881382e-001 -3.676948e-001
<VARIANCE> 25
 1.633268e+001 2.541826e+001 4.719579e+001 6.198896e+001 5.034832e+001 6.221147e+001 6.810764e+001 9.407233e+001 5.342160e+001 4.667014e+001 4.304140e+001 3.792229e+001 1.128542e+000 1.858843e+000 2.802083e+000 4.594767e+000 4.995986e+000 5.659972e+000 4.868177e+000 5.765685e+000 4.466291e+000 3.975792e+000 4.272996e+000 3.150501e+000 1.473861e+000
<GCONST> 1.078279e+002
<STATE> 3
<MEAN> 25
 7.495944e+000 -3.893047e+000 2.036922e+000 -8.326152e+000 -9.577183e-001 3.322758e+000 -1.039343e+001 -6.125247e+000 2.366223e+000 6.329622e+000 2.604547e+000 -3.313639e+000 -1.965450e-002 2.034894e-001 2.407632e-002 -1.834759e-001 2.825602e-001 8.126870e-003 -2.224578e-001 -5.550199e-002 -8.011539e-002 -1.000105e-002 7.627499e-002 6.029131e-002 -1.515805e-001
<VARIANCE> 25
 1.050574e+001 2.067363e+001 4.278917e+001 6.735241e+001 4.803943e+001 5.247147e+001 6.529723e+001 7.282092e+001 5.146726e+001 4.491145e+001 3.961065e+001 3.614405e+001 3.766362e-001 9.039177e-001 1.728759e+000 2.319068e+000 1.634219e+000 2.305638e+000 2.332224e+000 3.086601e+000 2.292822e+000 2.157415e+000 2.061653e+000 1.585122e+000 6.400985e-001
<GCONST> 9.655363e+001
<STATE> 4
<MEAN> 25
 5.305930e+000 -2.248432e+000 6.275257e-001 -5.800404e+000 6.948559e-001 1.873451e+000 -7.526236e+000 -3.936646e+000 2.105727e+000 3.713599e+000 8.147972e-001 -2.020821e+000 -5.464720e-001 -1.683678e-001 -5.172884e-001 7.007751e-001 -2.270408e-001 -1.399142e-001 1.139832e+000 1.201857e+000 1.970574e-001 -8.538527e-001 -7.488275e-001 1.140429e-001 -8.224372e-002
<VARIANCE> 25
 2.314174e+001 3.173862e+001 6.090384e+001 7.191537e+001 5.499276e+001 5.564236e+001 8.590112e+001 7.398749e+001 5.407816e+001 5.366064e+001 4.598225e+001 3.856854e+001 1.017480e+000 2.790838e+000 3.120133e+000 4.551871e+000 4.160736e+000 4.797905e+000 4.731731e+000 6.033692e+000 4.497259e+000 3.975607e+000 4.278095e+000 3.052374e+000 3.477066e+000
<GCONST> 1.099098e+002
<TRANSP> 5
 0.000000e+000 1.000000e+000 0.000000e+000 0.000000e+000 0.000000e+000
 0.000000e+000 4.258871e-001 5.741128e-001 0.000000e+000 0.000000e+000
 0.000000e+000 0.000000e+000 6.311532e-001 3.688468e-001 0.000000e+000
 0.000000e+000 0.000000e+000 0.000000e+000 5.330336e-001 4.669664e-001
 0.000000e+000 0.000000e+000 0.000000e+000 0.000000e+000 0.000000e+000
<ENDHMM>
~h "m"
<BEGINHMM>
<NUMSTATES> 5
<STATE> 2
<MEAN> 25
 7.109039e+000 -5.216432e-001 1.900431e+000 4.329785e-001 -6.814185e-001 4.300902e+000 1.583633e-002 -6.568283e+000 -6.487791e+000 7.803399e-001 4.043081e-001 -1.684384e+000 4.573185e-001 1.097701e+000 1.746794e+000 1.973201e+000 2.786612e-001 4.687208e-002 9.579870e-001 -2.784617e+000 -2.728678e+000 -8.075849e-002 -6.034115e-001 7.799069e-001 -6.648336e-001
<VARIANCE> 25
 2.675076e+001 3.450272e+001 3.432012e+001 5.913702e+001 3.622407e+001 4.700477e+001 5.691067e+001 6.158481e+001 5.543274e+001 3.686901e+001 4.233532e+001 3.778152e+001 2.043073e+000 2.383035e+000 3.108399e+000 3.954167e+000 3.073604e+000 3.509225e+000 5.288039e+000 4.893809e+000 5.428029e+000 3.889742e+000 5.310702e+000 3.880766e+000 4.481456e+000
<GCONST> 1.082910e+002
<STATE> 3
<MEAN> 25
 7.707699e+000 7.944465e-001 6.468812e+000 3.280370e+000 -6.501706e-001 5.089543e+000 -2.989444e-002 -1.113825e+001 -1.173876e+001 1.703208e-001 -1.509096e+000 4.176792e-002 -4.194038e-002 1.620061e-001 1.801661e-001 1.502575e-001 5.830701e-002 9.282976e-002 2.152446e-001 -1.858272e-001 -2.484851e-001 -1.787694e-001 -2.065693e-001 1.769741e-001 -5.740485e-002
<VARIANCE> 25
 8.583638e+000 2.051278e+001 2.277546e+001 3.684750e+001 3.586933e+001 5.296277e+001 6.321914e+001 4.404449e+001 3.920880e+001 4.797781e+001 4.664418e+001 3.930492e+001 3.671814e-001 8.804725e-001 8.559054e-001 1.302761e+000 1.312142e+000 1.370420e+000 1.467006e+000 1.647517e+000 1.932747e+000 1.536530e+000 1.813579e+000 1.306783e+000 1.075546e+000
<GCONST> 9.085825e+001
<STATE> 4
<MEAN> 25
 7.398193e+000 1.194568e+000 4.334363e+000 1.759066e+000 -1.132919e+000 4.653732e+000 1.944221e+000 -9.807846e+000 -9.886942e+000 -6.420066e-001 -1.531272e+000 -1.523598e-001 -4.552766e-002 -4.935338e-001 -1.610578e+000 -1.615376e+000 -3.082902e-001 4.967139e-002 -5.332685e-001 2.038748e+000 2.031096e+000 2.052187e-001 8.467624e-001 -8.679323e-001 7.257100e-001
<VARIANCE> 25
 1.189281e+001 2.410749e+001 2.992779e+001 4.404646e+001 3.767762e+001 4.437939e+001 5.632969e+001 4.973908e+001 4.846467e+001 3.667728e+001 4.627339e+001 3.523026e+001 7.535971e-001 2.310605e+000 2.980609e+000 4.350399e+000 2.571785e+000 3.089071e+000 4.084214e+000 3.827090e+000 4.844395e+000 3.252556e+000 3.971555e+000 3.395185e+000 3.450527e+000
<GCONST> 1.035647e+002
<TRANSP> 5
 0.000000e+000 1.000000e+000 0.000000e+000 0.000000e+000 0.000000e+000
 0.000000e+000 6.216838e-001 3.783162e-001 0.000000e+000 0.000000e+000
 0.000000e+000 0.000000e+000 7.490591e-001 2.509410e-001 0.000000e+000
 0.000000e+000 0.000000e+000 0.000000e+000 5.542586e-001 4.457414e-001
 0.000000e+000 0.000000e+000 0.000000e+000 0.000000e+000 0.000000e+000
<ENDHMM>
~h "n"
<BEGINHMM>
<NUMSTATES> 5
<STATE> 2
<MEAN> 25
 7.060090e+000 -3.381726e+000 4.060909e+000 1.708636e+000 -2.868366e+000 -1.957511e+000 -4.258334e+000 -1.438829e+000 -1.322416e-001 2.028206e+000 -5.004248e+000 -3.044510e+000 5.685883e-001 2.161364e+000 1.881333e+000 2.241256e+000 -5.281596e-001 -7.557150e-001 6.448720e-001 -4.248453e+000 -7.178306e-001 9.870125e-001 -6.324311e-001 9.759021e-001 -2.099645e+000
<VARIANCE> 25
 8.539824e+000 3.134727e+001 3.293322e+001 3.836639e+001 3.727248e+001 4.100473e+001 4.738050e+001 1.086060e+002 4.515585e+001 4.257627e+001 3.317956e+001 3.146639e+001 5.984871e-001 1.659048e+000 3.315707e+000 2.330580e+000 3.067630e+000 4.386432e+000 5.395755e+000 5.422863e+000 5.638010e+000 4.938791e+000 4.715593e+000 2.668126e+000 8.134249e-001
<GCONST> 1.027343e+002
<STATE> 3
<MEAN> 25
 7.917807e+000 9.585578e-001 8.353075e+000 5.047453e+000 -4.352889e+000 -2.135181e+000 -2.613499e+000 -9.718795e+000 -2.696863e+000 3.675379e+000 -5.278458e+000 -2.527408e-001 5.951235e-002 5.962718e-001 1.047949e-001 3.209974e-001 2.609728e-002 1.477109e-001 3.237625e-001 -4.860761e-001 -3.552375e-001 2.443301e-002 3.102425e-002 3.251619e-001 -6.125064e-001
<VARIANCE> 25
 7.956275e+000 1.572440e+001 2.006723e+001 2.779034e+001 3.282850e+001 4.202930e+001 5.332601e+001 4.690687e+001 4.185063e+001 4.395523e+001 3.856176e+001 3.174526e+001 3.006941e-001 8.779500e-001 1.018059e+000 9.799252e-001 1.245316e+000 1.367929e+000 1.669576e+000 2.207093e+000 1.734003e+000 1.596509e+000 1.584654e+000 1.313556e+000 5.938392e-001
<GCONST> 8.851436e+001
<STATE> 4
<MEAN> 25
 4.327382e+000 3.756083e+000 5.118324e+000 6.071947e+000 -4.527345e-001 -1.322874e+000 7.001097e-001 -6.696571e+000 -2.519294e+000 1.350361e+000 -4.653594e+000 6.098413e-001 -8.098516e-001 1.873175e-001 -6.661638e-001 -2.354328e-001 8.352787e-001 1.777137e-001 2.042096e-001 1.101820e+000 2.138868e-001 -6.557622e-001 4.679159e-001 -1.449100e-001 -1.026276e+000
<VARIANCE> 25
 3.148131e+001 2.666024e+001 3.250976e+001 2.872512e+001 4.655724e+001 3.321729e+001 5.482515e+001 6.534523e+001 4.845159e+001 4.686705e+001 4.276674e+001 3.080349e+001 1.545206e+000 2.569002e+000 2.245031e+000 2.629498e+000 3.264769e+000 3.012432e+000 4.104364e+000 4.517704e+000 3.591114e+000 3.216661e+000 2.798344e+000 2.374248e+000 4.108611e+000
<GCONST> 1.040714e+002
<TRANSP> 5
 0.000000e+000 1.000000e+000 0.000000e+000 0.000000e+000 0.000000e+000
 0.000000e+000 6.164496e-001 3.835504e-001 0.000000e+000 0.000000e+000
 0.000000e+000 0.000000e+000 7.412547e-001 2.587453e-001 0.000000e+000
 0.000000e+000 0.000000e+000 0.000000e+000 7.019531e-001 2.980469e-001
 0.000000e+000 0.000000e+000 0.000000e+000 0.000000e+000 0.000000e+000
<ENDHMM>
~h "o"
<BEGINHMM>
<NUMSTATES> 5
<STATE> 2
<MEAN> 25
 6.227627e+000 2.303010e-001 -4.992244e+000 -9.411736e+000 -3.365943e+000 6.013238e+000 -4.338198e+000 -2.268222e+000 3.864919e-001 1.720613e+000 3.719422e+000 -3.066022e-001 1.638807e+000 -3.750047e-001 -4.760200e-001 -2.969989e+000 -1.268058e+000 2.483814e+000 -6.682740e-001 1.126874e-001 8.498301e-002 1.581446e-001 1.155876e+000 -4.117191e-001 1.854086e+000
<VARIANCE> 25
 2.557951e+001 3.206068e+001 3.748731e+001 7.762727e+001 4.842406e+001 5.125061e+001 7.142006e+001 5.234589e+001 5.272593e+001 5.150612e+001 3.760173e+001 2.923158e+001 3.903293e+000 2.822369e+000 5.042386e+000 5.605991e+000 6.398261e+000 4.904637e+000 5.260566e+000 6.508206e+000 5.024898e+000 5.086280e+000 3.915095e+000 3.496277e+000 4.098915e+000
<GCONST> 1.115734e+002
<STATE> 3
<MEAN> 25
 8.334220e+000 -7.470565e-001 -5.673862e+000 -1.638340e+001 -5.221865e+000 1.222271e+001 -4.198807e+000 -1.464427e+000 4.870013e-001 5.542248e-002 5.906851e+000 -3.345951e-001 9.274518e-002 -4.202709e-002 -1.238477e-001 -5.876285e-001 2.332392e-002 5.405172e-001 1.799067e-001 1.129113e-001 -6.564861e-002 -1.955311e-001 1.732099e-001 1.129894e-001 8.848759e-002
<VARIANCE> 25
 1.038381e+001 2.600247e+001 2.283047e+001 4.668422e+001 4.230388e+001 3.477937e+001 5.086361e+001 4.725819e+001 4.423976e+001 5.576318e+001 2.792664e+001 3.254279e+001 2.930788e-001 1.005608e+000 8.287379e-001 1.771621e+000 1.339525e+000 1.660589e+000 1.834338e+000 1.739010e+000 1.980530e+000 2.112672e+000 1.422645e+000 1.346296e+000 6.583674e-001
<GCONST> 9.100343e+001
<STATE> 4
<MEAN> 25
 7.450797e+000 6.933386e-001 -5.557633e+000 -1.324180e+001 -3.465346e+000 9.222989e+000 -2.678886e+000 -1.763102e+000 2.019209e-001 8.354464e-001 4.391589e+000 -8.323850e-002 -2.786132e-001 1.019004e-001 3.698507e-001 1.812983e+000 5.803219e-001 -1.269845e+000 2.196810e-001 -1.466012e-001 2.029416e-001 3.367898e-001 -7.662505e-001 -2.328847e-001 -1.273686e+000
<VARIANCE> 25
 1.480615e+001 3.861006e+001 2.537683e+001 5.606324e+001 4.574801e+001 4.194135e+001 6.748072e+001 5.246376e+001 4.846746e+001 5.367067e+001 3.403589e+001 3.771511e+001 9.011749e-001 2.082073e+000 1.700923e+000 3.328987e+000 2.918266e+000 3.061111e+000 3.728021e+000 3.351485e+000 3.383176e+000 3.572281e+000 2.559696e+000 2.378849e+000 3.228930e+000
<GCONST> 1.028573e+002
<TRANSP> 5
 0.000000e+000 1.000000e+000 0.000000e+000 0.000000e+000 0.000000e+000
 0.000000e+000 5.870727e-001 4.129274e-001 0.000000e+000 0.000000e+000
 0.000000e+000 0.000000e+000 7.693475e-001 2.306525e-001 0.000000e+000
 0.000000e+000 0.000000e+000 0.000000e+000 7.612941e-001 2.387060e-001
 0.000000e+000 0.000000e+000 0.000000e+000 0.000000e+000 0.000000e+000
<ENDHMM>
~h "p"
<BEGINHMM>
<NUMSTATES> 5
<STATE> 2
<MEAN> 25
 -4.330072e-001 4.135053e+000 -1.859565e+000 1.761771e+000 1.799574e+000 4.668796e-001 2.816523e+000 -1.930974e+000 8.058912e-001 -3.647659e-001 1.366237e-001 7.048119e-001 -9.398276e-001 1.175712e-001 -2.162603e-001 3.457556e-001 1.033740e-001 -3.771147e-001 3.210624e-001 1.888976e-001 2.608552e-001 -1.538474e-001 -1.102995e-002 2.923304e-001 -1.126250e+000
<VARIANCE> 25
 3.492812e+001 2.210825e+001 2.593733e+001 2.960451e+001 2.399031e+001 3.190627e+001 2.852107e+001 3.214211e+001 3.207335e+001 2.501152e+001 2.140587e+001 2.368568e+001 1.519787e+000 1.761319e+000 1.607327e+000 1.936222e+000 1.893208e+000 2.245812e+000 2.185991e+000 2.087178e+000 2.371234e+000 2.003745e+000 1.788492e+000 1.639180e+000 4.667741e+000
<GCONST> 9.487679e+001
<STATE> 3
<MEAN> 25
 -4.337273e+000 3.112417e+000 -1.825594e+000 3.012018e+000 2.215471e+000 -1.110809e+000 3.422657e+000 -1.475114e+000 1.208942e+000 -6.631864e-001 3.709546e-001 1.871119e+000 2.445007e-001 -1.778143e+000 -6.853686e-001 -9.001484e-001 -3.809492e-001 -1.592722e-001 -8.005813e-001 -3.296390e-002 4.418223e-002 -7.143905e-002 6.123425e-001 -1.914058e-002 5.328342e+000
<VARIANCE> 25
 1.841583e+001 2.243736e+001 1.649419e+001 1.926635e+001 2.028695e+001 2.321955e+001 2.753807e+001 2.684798e+001 2.575226e+001 2.173322e+001 1.751669e+001 1.690250e+001 4.492095e+000 2.835249e+000 3.231044e+000 4.299574e+000 2.877416e+000 4.091911e+000 3.127950e+000 3.354332e+000 3.648028e+000 2.843111e+000 2.525092e+000 2.283197e+000 5.902122e+000
<GCONST> 9.836951e+001
<STATE> 4
<MEAN> 25
 1.398781e-001 -1.511552e+000 -4.930216e+000 -2.469162e+000 1.909960e-002 1.971828e-001 8.018734e-001 -2.652732e+000 9.890615e-001 -4.528056e-001 2.382432e+000 2.774107e-001 2.928717e+000 -2.132474e+000 -7.096054e-001 -3.260874e+000 -1.334320e+000 2.031152e+000 -1.924746e+000 1.473386e-002 -5.675989e-002 2.920718e-001 8.232186e-001 -1.392328e+000 6.779559e+000
<VARIANCE> 25
 4.159478e+001 2.378008e+001 2.167848e+001 6.200938e+001 2.370519e+001 5.479056e+001 2.847311e+001 2.554997e+001 2.722343e+001 2.219930e+001 2.148704e+001 2.131454e+001 3.747736e+000 6.052637e+000 5.182145e+000 7.681647e+000 4.969319e+000 9.176223e+000 5.482531e+000 6.510502e+000 5.367812e+000 4.808422e+000 4.146198e+000 4.237123e+000 7.216584e+000
<GCONST> 1.086310e+002
<TRANSP> 5
 0.000000e+000 1.000000e+000 0.000000e+000 0.000000e+000 0.000000e+000
 0.000000e+000 8.436706e-001 1.563294e-001 0.000000e+000 0.000000e+000
 0.000000e+000 0.000000e+000 4.091396e-001 5.908604e-001 0.000000e+000
 0.000000e+000 0.000000e+000 0.000000e+000 3.871039e-001 6.128961e-001
 0.000000e+000 0.000000e+000 0.000000e+000 0.000000e+000 0.000000e+000
<ENDHMM>
~h "q"
<BEGINHMM>
<NUMSTATES> 5
<STATE> 2
<MEAN> 25
 -1.914604e+000 5.634386e+000 2.379504e+000 5.550966e+000 -3.283517e+000 -4.205441e+000 2.975743e+000 -4.155289e+000 -1.187526e+000 -2.064749e+000 7.767150e-001 7.234225e-001 -5.182006e-001 -3.096121e-001 -1.439454e+000 -1.551206e-001 6.855953e-001 4.608606e-001 3.917946e-002 -8.433019e-002 8.461662e-001 -1.895726e-001 -3.437877e-001 4.822799e-001 -6.098286e-001
<VARIANCE> 25
 4.245736e+000 1.383518e+001 2.198683e+001 8.409181e+000 2.325427e+001 1.811143e+001 1.266010e+001 2.151925e+001 2.430872e+001 1.174902e+001 1.874910e+001 1.927539e+001 5.593480e-001 2.497633e+000 3.919575e+000 1.376718e+000 2.375026e+000 2.499901e+000 1.530783e+000 2.732470e+000 2.574461e+000 2.037888e+000 2.334497e+000 1.953569e+000 2.869816e+000
<GCONST> 8.789637e+001
<STATE> 3
<MEAN> 25
 -4.469639e+000 -3.126754e-001 -8.206450e+000 -9.858268e-001 1.051631e+000 -4.461697e+000 4.046545e+000 -3.480917e+000 4.976450e-001 -2.439345e-001 -1.416002e+000 6.290832e+000 -5.519903e-001 -3.431925e-001 -1.107840e+000 -8.456283e-001 5.699222e-001 8.707013e-001 6.078629e-001 4.472283e-002 -1.061294e-001 -2.853410e-001 -5.398867e-001 9.756231e-002 1.041660e+000
<VARIANCE> 25
 1.018062e+001 3.894711e+001 1.410066e+002 4.382231e+001 5.721267e+001 8.921803e+001 2.935975e+001 5.073095e+001 6.383684e+001 2.860840e+001 3.121868e+001 3.922810e+001 2.021508e+000 3.703236e+000 7.656775e+000 7.264469e+000 7.117597e+000 9.926346e+000 2.082043e+000 4.544994e+000 4.398893e+000 3.451546e+000 2.324092e+000 4.955595e+000 4.253479e+000
<GCONST> 1.102716e+002
<STATE> 4
<MEAN> 25
 -5.684676e+000 3.493902e+000 -5.537448e+000 4.602228e+000 7.897206e-001 2.721791e+000 5.648247e+000 -2.628647e+000 4.019473e+000 -5.427805e+000 3.351862e-001 1.500451e+000 -7.619000e-002 1.192613e-001 1.008350e-001 5.453686e-002 4.677322e-002 1.355849e-001 1.347952e-002 1.090362e-001 8.884799e-002 -4.879482e-002 -7.927384e-002 -1.027983e-001 -1.223774e-001
<VARIANCE> 25
 9.784825e+000 8.026038e+000 1.195386e+001 1.045518e+001 8.780634e+000 1.853184e+001 1.120846e+001 1.504163e+001 1.899691e+001 1.638340e+001 1.603685e+001 9.953533e+000 8.981467e-001 9.907101e-001 1.311713e+000 1.049685e+000 1.013122e+000 1.544159e+000 1.658130e+000 1.550960e+000 1.440048e+000 1.262294e+000 1.528235e+000 1.276289e+000 1.123687e+000
<GCONST> 7.914894e+001
<TRANSP> 5
 0.000000e+000 1.000000e+000 0.000000e+000 0.000000e+000 0.000000e+000
 0.000000e+000 8.487014e-001 1.512987e-001 0.000000e+000 0.000000e+000
 0.000000e+000 0.000000e+000 6.518930e-001 3.481070e-001 0.000000e+000
 0.000000e+000 0.000000e+000 0.000000e+000 9.112600e-001 8.874001e-002
 0.000000e+000 0.000000e+000 0.000000e+000 0.000000e+000 0.000000e+000
<ENDHMM>
~h "r"
<BEGINHMM>
<NUMSTATES> 5
<STATE> 2
<MEAN> 25
 5.924873e+000 -5.725923e+000 -3.710742e+000 -1.538451e+000 -3.588377e+000 -2.306579e-001 -5.900724e+000 6.164292e-001 5.516428e+000 2.886724e+000 4.624571e-001 -3.710115e+000 2.556454e-001 2.984091e-001 1.851251e-001 1.723899e+000 -1.083485e-001 -3.188999e-001 -1.894632e-001 -9.106825e-001 6.649366e-001 -2.294565e-001 1.931405e-001 3.222550e-001 -1.230095e+000
<VARIANCE> 25
 1.699502e+001 2.778106e+001 4.136840e+001 4.249341e+001 4.130701e+001 5.136486e+001 6.098255e+001 7.589091e+001 4.867528e+001 4.139009e+001 4.090141e+001 3.415957e+001 2.507322e+000 2.888910e+000 2.834470e+000 5.601551e+000 4.918756e+000 5.292082e+000 5.656209e+000 5.523729e+000 5.278561e+000 5.056104e+000 4.330503e+000 3.385029e+000 3.758541e+000
<GCONST> 1.092658e+002
<STATE> 3
<MEAN> 25
 6.211070e+000 -4.046086e+000 -2.598099e+000 3.237752e+000 -3.412604e+000 -1.282517e+000 -5.992698e+000 -1.600421e+000 6.512133e+000 2.054853e+000 1.149475e+000 -2.236454e+000 -3.274438e-001 4.921655e-001 6.347503e-001 8.836100e-001 5.610497e-001 -4.928053e-001 2.650217e-001 -3.302079e-001 -4.770965e-001 -4.235758e-001 3.828152e-002 7.331924e-001 -1.149016e+000
<VARIANCE> 25
 1.788774e+001 2.295267e+001 4.262053e+001 3.679410e+001 4.624559e+001 4.512791e+001 5.574842e+001 6.265463e+001 4.403947e+001 3.819419e+001 3.328497e+001 2.678052e+001 2.377356e+000 2.523516e+000 2.861487e+000 3.447078e+000 4.599849e+000 4.571925e+000 4.944414e+000 5.213921e+000 4.919093e+000 4.110167e+000 3.535459e+000 3.365721e+000 2.803436e+000
<GCONST> 1.062346e+002
<STATE> 4
<MEAN> 25
 5.645370e-001 -1.370174e+000 -2.193423e+000 3.139692e+000 5.647101e-001 -5.218402e-001 -8.301708e-001 -5.270805e-001 3.203547e+000 -2.942680e-001 1.756204e-001 7.739577e-001 -9.312621e-002 7.600300e-002 2.026865e-001 -7.977918e-002 1.549435e-002 1.440268e-002 9.240527e-002 5.212351e-002 -4.228902e-001 -6.294147e-002 6.852635e-002 1.378383e-001 -2.071765e-001
<VARIANCE> 25
 4.897488e+001 3.447451e+001 4.804564e+001 3.430313e+001 4.173595e+001 4.237228e+001 5.388711e+001 4.632694e+001 4.271062e+001 3.638007e+001 3.116253e+001 2.540055e+001 2.133392e+000 1.997535e+000 2.339431e+000 2.181691e+000 2.764111e+000 2.862747e+000 3.084291e+000 2.926287e+000 3.179809e+000 2.529438e+000 2.246083e+000 2.034210e+000 2.792157e+000
<GCONST> 1.020879e+002
<TRANSP> 5
 0.000000e+000 1.000000e+000 0.000000e+000 0.000000e+000 0.000000e+000
 0.000000e+000 3.889982e-001 6.110018e-001 0.000000e+000 0.000000e+000
 0.000000e+000 0.000000e+000 3.402872e-001 6.597128e-001 0.000000e+000
 0.000000e+000 0.000000e+000 0.000000e+000 7.435963e-001 2.564037e-001
 0.000000e+000 0.000000e+000 0.000000e+000 0.000000e+000 0.000000e+000
<ENDHMM>
~h "s"
<BEGINHMM>
<NUMSTATES> 5
<STATE> 2
<MEAN> 25
 -6.451519e+000 5.452150e+000 -2.759611e-001 2.608545e+000 4.992304e+000 -4.099732e+000 2.253355e+000 1.579484e+000 1.703503e+000 -6.854011e-001 -1.104306e+000 2.126237e+000 -4.283995e+000 1.628640e+000 -9.051415e-001 6.655725e-001 1.437041e+000 -4.303015e-001 1.509572e+000 6.087394e-001 5.100534e-001 -4.496653e-001 6.696143e-001 6.946768e-001 -5.136939e-001
<VARIANCE> 25
 6.333205e+001 4.142213e+001 3.954591e+001 3.540523e+001 4.091006e+001 4.016524e+001 6.423720e+001 4.586416e+001 4.235558e+001 3.162978e+001 3.297973e+001 2.514450e+001 3.880755e+000 5.652567e+000 3.777557e+000 4.300992e+000 4.751121e+000 4.105336e+000 5.722047e+000 4.960468e+000 4.055160e+000 3.600150e+000 3.385881e+000 2.626740e+000 2.781061e+000
<GCONST> 1.084586e+002
<STATE> 3
<MEAN> 25
 -2.120186e+001 5.170907e+000 -5.573192e+000 1.592750e+000 6.478615e+000 -4.158739e+000 4.903251e+000 2.883486e+000 3.028179e+000 -1.159234e-001 2.005311e+000 4.365323e+000 -6.156151e-001 -5.641097e-001 -4.627848e-001 -2.394568e-001 -1.578996e-001 2.688386e-002 3.058349e-002 7.140192e-002 1.383846e-001 1.309617e-001 1.655063e-001 1.502967e-001 -2.412517e-001
<VARIANCE> 25
 1.375759e+001 2.370341e+001 3.223988e+001 2.958629e+001 2.670171e+001 2.731598e+001 4.706221e+001 3.186763e+001 3.191205e+001 2.280923e+001 2.083170e+001 1.967608e+001 2.667160e+000 1.213593e+000 1.680083e+000 1.371371e+000 1.553659e+000 1.622465e+000 1.712733e+000 1.695154e+000 1.720170e+000 1.563018e+000 1.488484e+000 1.274165e+000 8.861150e-001
<GCONST> 9.061381e+001
<STATE> 4
<MEAN> 25
 -1.336186e+001 2.884398e+000 -4.264225e+000 1.378822e+000 4.445094e+000 -4.392542e+000 2.753735e+000 1.804941e+000 3.146285e+000 -5.254811e-001 5.218185e-001 2.668788e+000 4.238873e+000 -1.820542e-001 1.327626e+000 -2.790039e-001 -1.018977e+000 1.925401e-001 -1.593569e+000 -9.444395e-001 -3.787719e-001 -4.999210e-002 -7.588758e-001 -1.168637e+000 1.945202e-001
<VARIANCE> 25
 6.636474e+001 2.760127e+001 3.557842e+001 2.944155e+001 3.019819e+001 3.690389e+001 5.558494e+001 3.678276e+001 3.297272e+001 2.530219e+001 2.493722e+001 2.410357e+001 7.181960e+000 3.714669e+000 4.052399e+000 3.748940e+000 3.323755e+000 3.768983e+000 5.191674e+000 4.450783e+000 4.234211e+000 2.926535e+000 2.905031e+000 2.610825e+000 5.906321e+000
<GCONST> 1.061703e+002
<TRANSP> 5
 0.000000e+000 1.000000e+000 0.000000e+000 0.000000e+000 0.000000e+000
 0.000000e+000 7.354449e-001 2.645551e-001 0.000000e+000 0.000000e+000
 0.000000e+000 0.000000e+000 8.481998e-001 1.518002e-001 0.000000e+000
 0.000000e+000 0.000000e+000 0.000000e+000 7.052010e-001 2.947990e-001
 0.000000e+000 0.000000e+000 0.000000e+000 0.000000e+000 0.000000e+000
<ENDHMM>
~h "t"
<BEGINHMM>
<NUMSTATES> 5
<STATE> 2
<MEAN> 25
 -4.195010e-001 3.419501e+000 -1.722791e+000 1.640156e+000 1.583734e+000 -2.254687e+000 6.500900e-001 -6.536788e-001 2.584697e+000 1.028685e-001 -1.198449e+000 -1.709602e-001 -6.783581e-001 2.742423e-001 -2.245036e-001 2.552373e-001 1.831462e-002 3.628570e-002 6.169963e-001 -5.327733e-002 3.870877e-002 -2.218700e-001 1.400887e-001 3.048277e-001 -1.766068e+000
<VARIANCE> 25
 2.522269e+001 2.681909e+001 2.979097e+001 2.970043e+001 2.946395e+001 3.412212e+001 3.804453e+001 3.554215e+001 3.658219e+001 2.911802e+001 2.701867e+001 2.350344e+001 1.550540e+000 2.209478e+000 1.704109e+000 2.196882e+000 2.432507e+000 2.305842e+000 2.707591e+000 2.471179e+000 2.355509e+000 2.183471e+000 1.920399e+000 1.736380e+000 5.536525e+000
<GCONST> 9.752629e+001
<STATE> 3
<MEAN> 25
 -4.456219e+000 4.165131e+000 -1.216340e+000 2.965832e+000 1.805696e+000 -2.530834e+000 3.306782e+000 -1.835997e+000 1.878692e+000 -7.889869e-001 -1.376743e-001 1.959351e+000 -1.639101e+000 -1.718852e+000 -6.684361e-001 -8.469475e-001 2.651001e-001 -3.035248e-001 8.545455e-002 3.523703e-001 -7.742408e-002 -1.503963e-001 4.052675e-001 4.536337e-001 3.362375e+000
<VARIANCE> 25
 2.624657e+001 2.303521e+001 2.507911e+001 2.097601e+001 2.405089e+001 2.706140e+001 3.019345e+001 3.050297e+001 2.906869e+001 2.304585e+001 2.148401e+001 1.945208e+001 2.861115e+000 3.006990e+000 3.242257e+000 2.985241e+000 3.082434e+000 3.243916e+000 3.359171e+000 3.320712e+000 3.643798e+000 2.452447e+000 2.693368e+000 2.089660e+000 9.957966e+000
<GCONST> 9.981579e+001
<STATE> 4
<MEAN> 25
 -6.734213e+000 -2.097596e+000 -3.642056e+000 -1.606527e+000 1.782046e+000 -4.255256e+000 1.007306e+000 -3.381833e-001 2.475419e+000 -2.510261e-001 1.711563e-001 1.568703e+000 1.635117e+000 -1.092710e+000 1.217296e-001 -1.603693e+000 -6.140442e-001 4.228274e-002 -2.166018e+000 2.353802e-002 1.019591e-001 3.809710e-001 -1.523794e-001 -1.103639e+000 6.041083e+000
<VARIANCE> 25
 3.231849e+001 2.691687e+001 2.679183e+001 3.123024e+001 2.930373e+001 3.879568e+001 4.324325e+001 3.038514e+001 3.098461e+001 2.605422e+001 2.359898e+001 2.414434e+001 5.132589e+000 4.729064e+000 5.492754e+000 5.360209e+000 4.544915e+000 5.708074e+000 5.837723e+000 6.273120e+000 6.285511e+000 3.998480e+000 4.189907e+000 3.705547e+000 9.986502e+000
<GCONST> 1.083967e+002
<TRANSP> 5
 0.000000e+000 1.000000e+000 0.000000e+000 0.000000e+000 0.000000e+000
 0.000000e+000 8.233141e-001 1.766859e-001 0.000000e+000 0.000000e+000
 0.000000e+000 0.000000e+000 5.185993e-001 4.814007e-001 0.000000e+000
 0.000000e+000 0.000000e+000 0.000000e+000 4.995552e-001 5.004448e-001
 0.000000e+000 0.000000e+000 0.000000e+000 0.000000e+000 0.000000e+000
<ENDHMM>
~h "u"
<BEGINHMM>
<NUMSTATES> 5
<STATE> 2
<MEAN> 25
 5.875840e+000 4.144911e+000 -1.279819e+000 -3.393354e+000 -3.223541e+000 2.322691e+000 -7.086609e+000 -5.360295e+000 -3.710559e+000 -1.605542e-001 2.986568e+000 1.707502e-001 2.118630e+000 9.702876e-001 -5.252276e-003 -2.376163e+000 -1.741537e+000 2.096859e+000 -1.550361e+000 -9.043448e-001 -1.467175e+000 7.820290e-003 1.299458e+000 -7.897615e-002 1.202198e+000
<VARIANCE> 25
 2.522120e+001 3.420396e+001 3.472221e+001 6.518124e+001 4.561040e+001 4.540362e+001 7.536169e+001 6.152734e+001 4.707021e+001 4.286173e+001 3.356038e+001 2.849543e+001 4.337098e+000 3.242088e+000 4.323964e+000 5.377265e+000 5.588202e+000 4.792339e+000 6.414116e+000 7.473560e+000 5.687127e+000 5.367136e+000 3.791123e+000 3.473899e+000 3.831403e+000
<GCONST> 1.112687e+002
<STATE> 3
<MEAN> 25
 9.076968e+000 6.543106e+000 -1.706584e+000 -1.044212e+001 -6.520822e+000 7.963510e+000 -7.943985e+000 -4.304374e+000 -6.574525e+000 -1.947880e+000 5.137255e+000 3.579391e-001 1.620158e-001 1.398585e-001 -1.017244e-001 -6.375818e-001 -1.408916e-001 5.449247e-001 9.359612e-002 7.057394e-002 -1.951700e-001 -1.024227e-001 2.187660e-001 1.569567e-001 -9.668462e-003
<VARIANCE> 25
 1.037505e+001 3.222826e+001 2.494218e+001 5.521387e+001 4.002436e+001 3.714232e+001 5.551109e+001 6.905141e+001 4.978610e+001 5.061964e+001 3.834319e+001 3.422338e+001 4.262935e-001 1.674732e+000 1.035965e+000 2.481100e+000 2.000490e+000 2.181625e+000 2.687028e+000 2.984767e+000 2.588256e+000 2.713427e+000 2.298650e+000 1.897027e+000 1.113978e+000
<GCONST> 9.724640e+001
<STATE> 4
<MEAN> 25
 8.011202e+000 5.174047e+000 -1.625572e+000 -6.551229e+000 -4.023198e+000 6.088210e+000 -6.225113e+000 -5.951784e+000 -4.569818e+000 2.090667e-001 4.312665e+000 4.689170e-001 -5.002790e-001 -4.541384e-001 5.092957e-001 1.902738e+000 9.825096e-001 -1.257533e+000 7.321463e-001 -6.160250e-002 1.140379e+000 5.566885e-001 -8.982729e-001 -3.054605e-001 -1.204849e+000
<VARIANCE> 25
 1.347149e+001 3.908784e+001 3.218529e+001 6.406195e+001 4.803716e+001 4.525018e+001 8.237461e+001 7.043761e+001 5.325666e+001 5.427668e+001 4.300879e+001 3.757626e+001 1.277439e+000 3.018092e+000 2.582772e+000 4.055849e+000 4.229573e+000 3.985915e+000 5.597689e+000 5.385974e+000 4.583597e+000 4.709470e+000 3.969101e+000 3.463600e+000 4.441693e+000
<GCONST> 1.086653e+002
<TRANSP> 5
 0.000000e+000 1.000000e+000 0.000000e+000 0.000000e+000 0.000000e+000
 0.000000e+000 5.458297e-001 4.541702e-001 0.000000e+000 0.000000e+000
 0.000000e+000 0.000000e+000 7.462841e-001 2.537159e-001 0.000000e+000
 0.000000e+000 0.000000e+000 0.000000e+000 6.917962e-001 3.082038e-001
 0.000000e+000 0.000000e+000 0.000000e+000 0.000000e+000 0.000000e+000
<ENDHMM>
~h "w"
<BEGINHMM>
<NUMSTATES> 5
<STATE> 2
<MEAN> 25
 7.096797e+000 7.597235e-001 -2.393872e+000 -6.726424e+000 -2.442797e+000 5.394979e+000 -3.069728e+000 -1.828585e+000 -2.351696e+000 1.039200e+000 3.211419e+000 -7.342541e-001 1.242746e+000 1.119379e+000 -1.800769e-002 -1.534900e+000 -1.020273e+000 1.033233e+000 -4.402051e-002 -3.121847e-001 -1.102296e+000 -5.816568e-001 6.893970e-001 6.732391e-001 -4.871664e-002
<VARIANCE> 25
 3.229472e+001 5.683574e+001 3.573012e+001 8.204385e+001 4.615198e+001 6.027378e+001 6.157243e+001 5.198761e+001 5.336062e+001 4.618186e+001 4.964051e+001 3.843724e+001 2.355314e+000 2.714968e+000 2.650760e+000 4.437839e+000 4.409231e+000 4.698626e+000 4.013073e+000 4.305412e+000 4.090063e+000 3.669521e+000 3.767105e+000 3.266564e+000 4.090926e+000
<GCONST> 1.096391e+002
<STATE> 3
<MEAN> 25
 1.123029e+001 4.339692e+000 -1.966574e+000 -1.481909e+001 -8.015628e+000 9.654831e+000 -4.259047e+000 -9.249625e-001 -2.874704e+000 -2.787634e+000 4.476478e+000 1.397463e+000 -3.595462e-002 -4.624312e-001 -2.266831e-001 -7.037027e-001 -1.321835e-001 6.159047e-001 -6.876194e-002 -6.098657e-002 1.800376e-001 1.195025e-001 4.038707e-001 1.753296e-001 5.809914e-001
<VARIANCE> 25
 9.671098e+000 3.150939e+001 1.711099e+001 4.568983e+001 4.160007e+001 4.099900e+001 3.388610e+001 4.100068e+001 5.300080e+001 3.334162e+001 2.559334e+001 2.565024e+001 3.990917e-001 2.457825e+000 1.203438e+000 2.557942e+000 2.038505e+000 2.634170e+000 1.921551e+000 1.976511e+000 1.840410e+000 2.503559e+000 2.122411e+000 1.622320e+000 1.785338e+000
<GCONST> 9.443426e+001
<STATE> 4
<MEAN> 25
 8.746218e+000 -3.822245e+000 -5.657553e+000 -1.556521e+001 -3.276690e+000 1.297470e+001 -3.608357e+000 -2.345482e+000 -1.001826e-001 2.846328e+000 6.532300e+000 -2.190875e+000 -8.637710e-001 -1.970339e+000 -5.373394e-001 1.068237e+000 1.577509e+000 -4.027696e-001 -2.898314e-001 2.682163e-001 1.492100e+000 1.098552e+000 -9.389584e-001 -2.065944e+000 1.314997e+000
<VARIANCE> 25
 1.041683e+001 2.955057e+001 2.461141e+001 4.581527e+001 3.431894e+001 4.027821e+001 4.402594e+001 4.250220e+001 4.732081e+001 4.100843e+001 3.251559e+001 3.801237e+001 2.983360e-001 1.309568e+000 1.262824e+000 2.307249e+000 2.013261e+000 2.898502e+000 2.048686e+000 2.215691e+000 2.383420e+000 2.363532e+000 2.637118e+000 2.072827e+000 6.288940e-001
<GCONST> 9.453027e+001
<TRANSP> 5
 0.000000e+000 1.000000e+000 0.000000e+000 0.000000e+000 0.000000e+000
 0.000000e+000 7.173300e-001 2.826700e-001 0.000000e+000 0.000000e+000
 0.000000e+000 0.000000e+000 7.593198e-001 2.406802e-001 0.000000e+000
 0.000000e+000 0.000000e+000 0.000000e+000 6.682506e-001 3.317494e-001
 0.000000e+000 0.000000e+000 0.000000e+000 0.000000e+000 0.000000e+000
<ENDHMM>
~h "y"
<BEGINHMM>
<NUMSTATES> 5
<STATE> 2
<MEAN> 25
 -9.092602e-001 4.307679e-001 7.291022e+000 -2.782221e-001 -5.035858e+000 -3.646577e+000 -1.830820e+000 2.388608e+000 -2.259383e+000 -2.225478e+000 2.122207e+000 1.889088e+000 -7.677192e-002 6.879521e-001 1.939971e+000 -4.266756e-002 -8.766834e-001 -1.934845e-001 -9.115503e-001 -4.804942e-001 -1.140077e+000 -2.551243e-001 8.916510e-001 4.982124e-001 4.028944e-001
<VARIANCE> 25
 2.678305e+001 4.769333e+001 8.179176e+001 3.526960e+001 6.406991e+001 4.844289e+001 5.251400e+001 5.611232e+001 5.633629e+001 3.835841e+001 2.941719e+001 2.528549e+001 1.763174e+000 2.437870e+000 4.270037e+000 2.337482e+000 3.336985e+000 2.943100e+000 3.454329e+000 3.708379e+000 3.714380e+000 3.234919e+000 2.559679e+000 2.201137e+000 3.646548e+000
<GCONST> 1.054882e+002
<STATE> 3
<MEAN> 25
 8.913656e-001 1.612906e-001 1.657759e+001 -9.189851e-001 -1.209079e+001 -4.654334e+000 -7.859672e+000 9.648306e-001 -7.092775e+000 -3.085838e+000 6.173808e+000 3.537213e+000 2.628843e-001 -1.022179e+000 -1.015144e+000 -3.822501e-001 -6.464230e-001 -5.890522e-001 1.545976e-001 1.038495e+000 9.772627e-001 5.889851e-001 1.553913e-001 9.129281e-002 9.630083e-001
<VARIANCE> 25
 9.749979e+000 2.408570e+001 3.821413e+001 3.479949e+001 2.481028e+001 3.819135e+001 2.770116e+001 4.481707e+001 5.399759e+001 5.265355e+001 2.454874e+001 2.858124e+001 5.318085e-001 1.847339e+000 2.885890e+000 1.319225e+000 1.924306e+000 1.661063e+000 1.883026e+000 3.275770e+000 3.087487e+000 1.891670e+000 1.297994e+000 1.298225e+000 1.424362e+000
<GCONST> 9.402360e+001
<STATE> 4
<MEAN> 25
 2.610275e+000 -7.152672e+000 6.353086e+000 -4.902836e+000 -1.096826e+001 -6.660102e+000 -3.004055e+000 1.112797e+001 8.640278e-001 -9.474823e-001 1.921500e+000 6.178465e-001 3.936358e-001 -1.432319e+000 -2.498237e+000 -3.537078e-001 1.615682e+000 9.775545e-001 9.000765e-001 1.382306e+000 1.563323e+000 -5.108219e-001 -2.000928e+000 -1.387273e+000 6.100464e-001
<VARIANCE> 25
 8.071473e+000 1.825332e+001 2.849392e+001 2.186943e+001 2.503657e+001 2.613644e+001 4.383294e+001 4.696416e+001 4.709403e+001 3.035348e+001 3.562620e+001 2.342011e+001 2.764584e-001 9.763438e-001 1.693953e+000 1.000294e+000 1.882033e+000 1.633069e+000 2.149231e+000 3.350964e+000 2.163546e+000 2.652212e+000 1.948170e+000 1.920997e+000 3.768862e-001
<GCONST> 8.988554e+001
<TRANSP> 5
 0.000000e+000 1.000000e+000 0.000000e+000 0.000000e+000 0.000000e+000
 0.000000e+000 8.064876e-001 1.935124e-001 0.000000e+000 0.000000e+000
 0.000000e+000 0.000000e+000 7.416196e-001 2.583804e-001 0.000000e+000
 0.000000e+000 0.000000e+000 0.000000e+000 7.031746e-001 2.968254e-001
 0.000000e+000 0.000000e+000 0.000000e+000 0.000000e+000 0.000000e+000
<ENDHMM>
~h "z"
<BEGINHMM>
<NUMSTATES> 5
<STATE> 2
<MEAN> 25
 -1.033314e+000 7.825265e+000 1.885932e+000 5.119390e+000 2.072917e+000 -6.035194e+000 -1.659692e+000 -1.184469e+000 1.080642e+000 -1.102017e+000 -1.820203e+000 1.882197e+000 -2.049888e+000 2.282305e+000 -7.184628e-001 1.062351e+000 1.388559e+000 -3.947610e-001 1.202973e+000 -1.526018e-001 6.718765e-001 -3.992498e-001 1.657866e-001 6.127717e-001 -8.645096e-001
<VARIANCE> 25
 3.557697e+001 4.414497e+001 4.182042e+001 3.161173e+001 4.051817e+001 3.680383e+001 7.248511e+001 4.687252e+001 3.975382e+001 4.100804e+001 3.033544e+001 2.947804e+001 3.060416e+000 3.939323e+000 2.763237e+000 2.720080e+000 3.005271e+000 3.657282e+000 4.309622e+000 5.563570e+000 3.895838e+000 3.632304e+000 2.763373e+000 2.716355e+000 2.783487e+000
<GCONST> 1.058936e+002
<STATE> 3
<MEAN> 25
 -1.046404e+001 1.085812e+001 -4.212029e-001 6.082952e+000 6.392123e+000 -4.212885e+000 1.769680e+000 3.839956e-001 8.034929e-001 -1.571312e-001 -8.940302e-002 3.220908e+000 -8.329391e-001 -1.467090e-001 -1.245280e-002 8.491036e-002 2.757362e-001 1.745853e-001 2.970552e-001 1.132844e-001 -6.478228e-002 4.674136e-002 2.010136e-001 1.543165e-001 1.071081e-003
<VARIANCE> 25
 4.836335e+001 4.295923e+001 2.842928e+001 3.156360e+001 2.365625e+001 3.157187e+001 4.823520e+001 2.736776e+001 2.892974e+001 2.512502e+001 1.847068e+001 2.141487e+001 1.847358e+000 1.270778e+000 1.094578e+000 1.020455e+000 1.431615e+000 1.465240e+000 1.435311e+000 1.650158e+000 1.548156e+000 1.293722e+000 1.257998e+000 1.160267e+000 9.830769e-001
<GCONST> 9.037846e+001
<STATE> 4
<MEAN> 25
 -9.983077e+000 5.113354e+000 1.275278e+000 3.414216e+000 3.081094e+000 -2.912781e+000 1.071135e+000 7.658378e-001 1.486764e+000 -6.902345e-001 1.196764e+000 4.459932e+000 1.322393e+000 -9.090540e-001 5.087494e-001 -4.999503e-001 -1.137793e+000 -3.700448e-001 -9.687933e-001 -3.399797e-001 2.475073e-002 9.707092e-002 -5.578734e-003 -1.690646e-001 1.139657e+000
<VARIANCE> 25
 5.879182e+001 5.631849e+001 5.749818e+001 3.225217e+001 4.325797e+001 4.942794e+001 4.785407e+001 3.857251e+001 3.214829e+001 1.988246e+001 1.985476e+001 1.887682e+001 6.105894e+000 4.245493e+000 3.036757e+000 2.832932e+000 4.331075e+000 2.948409e+000 3.582791e+000 4.073716e+000 2.814455e+000 2.070361e+000 1.884390e+000 1.946764e+000 3.130548e+000
<GCONST> 1.039907e+002
<TRANSP> 5
 0.000000e+000 1.000000e+000 0.000000e+000 0.000000e+000 0.000000e+000
 0.000000e+000 7.402762e-001 2.597238e-001 0.000000e+000 0.000000e+000
 0.000000e+000 0.000000e+000 8.413981e-001 1.586019e-001 0.000000e+000
 0.000000e+000 0.000000e+000 0.000000e+000 8.342425e-001 1.657575e-001
 0.000000e+000 0.000000e+000 0.000000e+000 0.000000e+000 0.000000e+000
<ENDHMM>
~h "ai"
<BEGINHMM>
<NUMSTATES> 5
<STATE> 2
<MEAN> 25
 4.738829e+000 -1.199693e+001 -3.013411e+000 -6.332366e+000 -1.355384e+000 1.797711e+000 -3.384019e+000 7.825188e+000 4.554222e+000 -6.403662e-001 -4.765397e+000 -5.298456e+000 -2.771917e-001 -6.350709e-001 8.610232e-001 3.484252e-001 -8.710476e-001 -1.060890e+000 7.755886e-001 1.776777e+000 -2.481315e-001 -9.459037e-001 -3.861843e-001 5.299172e-001 4.174429e-001
<VARIANCE> 25
 8.813805e+000 1.920250e+001 3.395475e+001 2.382484e+001 4.157635e+001 6.193378e+001 3.302036e+001 4.627963e+001 3.811033e+001 4.078438e+001 3.739834e+001 2.501544e+001 4.406491e-001 1.488480e+000 1.452656e+000 1.745423e+000 2.400613e+000 3.259527e+000 2.153304e+000 2.834267e+000 1.931499e+000 1.916144e+000 2.628944e+000 1.837810e+000 5.275333e-001
<GCONST> 9.376833e+001
<STATE> 3
<MEAN> 25
 3.119501e+000 -8.511636e+000 7.006154e+000 -5.019781e+000 -1.101093e+001 -7.066388e+000 -1.218513e+000 1.174624e+001 -1.645296e+000 2.858053e-001 1.699729e+000 -1.716104e-001 -2.523865e-001 9.259872e-001 1.601552e+000 4.480942e-002 -1.182542e+000 -5.071405e-001 -2.340291e-001 -8.930246e-001 -1.225371e+000 6.692982e-001 1.314832e+000 5.184160e-001 -4.713809e-001
<VARIANCE> 25
 6.963295e+000 1.499167e+001 3.266338e+001 1.754257e+001 2.485695e+001 2.941306e+001 3.191374e+001 4.041628e+001 4.225150e+001 3.157321e+001 3.972310e+001 2.129083e+001 2.336420e-001 8.232487e-001 1.221917e+000 7.586955e-001 1.600943e+000 1.457013e+000 1.637115e+000 2.225264e+000 1.696136e+000 1.574589e+000 1.807763e+000 1.208758e+000 1.800582e-001
<GCONST> 8.510411e+001
<STATE> 4
<MEAN> 25
 1.757823e+000 -7.569811e-001 1.230915e+001 -2.647468e+000 -1.160963e+001 -6.971323e+000 -2.896277e+000 2.220756e+000 -5.900142e+000 1.758315e+000 4.166557e+000 6.539105e-001 9.340562e-002 9.316502e-001 -3.600547e-001 7.546356e-001 9.787713e-001 2.356777e-001 1.859059e-001 -8.981835e-001 1.158800e-001 -2.702954e-001 -4.048939e-001 -7.553717e-002 -1.632910e+000
<VARIANCE> 25
 1.233153e+001 3.088541e+001 4.111597e+001 3.206501e+001 3.375393e+001 3.836581e+001 3.779451e+001 5.518607e+001 4.740586e+001 4.154320e+001 3.395589e+001 2.776800e+001 1.043995e+000 1.677364e+000 2.478647e+000 2.010246e+000 2.670757e+000 2.204991e+000 2.824350e+000 3.167573e+000 3.303562e+000 2.341526e+000 1.876116e+000 1.636883e+000 2.284570e+000
<GCONST> 9.844165e+001
<TRANSP> 5
 0.000000e+000 1.000000e+000 0.000000e+000 0.000000e+000 0.000000e+000
 0.000000e+000 7.584423e-001 2.415577e-001 0.000000e+000 0.000000e+000
 0.000000e+000 0.000000e+000 8.136600e-001 1.863400e-001 0.000000e+000
 0.000000e+000 0.000000e+000 0.000000e+000 8.358166e-001 1.641834e-001
 0.000000e+000 0.000000e+000 0.000000e+000 0.000000e+000 0.000000e+000
<ENDHMM>
~h "au"
<BEGINHMM>
<NUMSTATES> 5
<STATE> 2
<MEAN> 25
 6.034038e+000 -5.327306e+000 -7.434000e+000 -1.021110e+001 -3.430796e-001 1.045192e+001 -4.815487e+000 -1.923943e+000 6.601882e+000 1.899553e+000 9.708343e-001 -6.814304e+000 2.011473e-001 1.243673e-001 -4.386111e-001 -7.452396e-001 -3.826194e-002 1.227198e+000 6.021908e-002 -4.730273e-001 -1.372973e-001 -1.305727e-001 7.585555e-001 -1.919472e-002 8.568893e-002
<VARIANCE> 25
 1.008202e+001 2.204929e+001 1.868878e+001 2.901155e+001 2.964200e+001 3.971265e+001 3.609933e+001 4.142529e+001 2.666501e+001 3.084826e+001 2.595088e+001 2.243546e+001 5.562564e-001 1.037710e+000 8.873082e-001 1.490440e+000 1.576590e+000 2.443671e+000 1.794706e+000 2.126360e+000 1.919168e+000 1.690272e+000 2.395270e+000 1.680782e+000 5.587092e-001
<GCONST> 8.951231e+001
<STATE> 3
<MEAN> 25
 7.599999e+000 -5.141318e-001 -6.957038e+000 -1.701383e+001 -3.709237e+000 1.437504e+001 -4.085921e+000 -2.938584e+000 2.623795e+000 -5.903552e-002 6.028969e+000 -1.500578e+000 3.290837e-001 9.710161e-001 2.974990e-001 -4.610407e-001 -5.879987e-001 -7.026178e-002 -7.396713e-002 7.249443e-002 -8.082417e-001 -3.771198e-001 4.417529e-001 9.392463e-001 -6.392831e-001
<VARIANCE> 25
 8.872630e+000 2.207146e+001 1.649158e+001 2.759407e+001 3.095231e+001 2.532891e+001 4.007954e+001 3.231245e+001 3.266904e+001 3.517958e+001 1.970494e+001 3.629870e+001 1.843348e-001 7.736427e-001 4.374462e-001 9.877349e-001 9.215888e-001 9.617053e-001 1.165038e+000 1.044974e+000 1.245318e+000 1.554741e+000 1.218661e+000 1.424510e+000 2.637920e-001
<GCONST> 8.196382e+001
<STATE> 4
<MEAN> 25
 8.870021e+000 5.167878e+000 -3.676070e+000 -1.341277e+001 -4.720862e+000 8.096923e+000 -5.545569e+000 -2.067766e+000 -3.062456e+000 -4.571137e-002 4.994222e+000 8.423502e-001 -1.809063e-001 3.553335e-001 5.689663e-001 1.825967e+000 4.609404e-001 -1.208661e+000 2.573429e-001 -8.115778e-002 -1.598088e-001 5.077388e-002 -6.808729e-001 -1.181420e-001 -1.484713e+000
<VARIANCE> 25
 1.384251e+001 3.480629e+001 2.732098e+001 6.590664e+001 4.395718e+001 4.364355e+001 5.764387e+001 5.273380e+001 4.790764e+001 5.495575e+001 3.374901e+001 3.926600e+001 9.297797e-001 2.187314e+000 1.657538e+000 3.600634e+000 2.865708e+000 3.151916e+000 3.625574e+000 3.250954e+000 3.547684e+000 3.412099e+000 2.633684e+000 2.578490e+000 2.270429e+000
<GCONST> 1.026576e+002
<TRANSP> 5
 0.000000e+000 1.000000e+000 0.000000e+000 0.000000e+000 0.000000e+000
 0.000000e+000 7.919913e-001 2.080087e-001 0.000000e+000 0.000000e+000
 0.000000e+000 0.000000e+000 8.336096e-001 1.663904e-001 0.000000e+000
 0.000000e+000 0.000000e+000 0.000000e+000 8.362694e-001 1.637306e-001
 0.000000e+000 0.000000e+000 0.000000e+000 0.000000e+000 0.000000e+000
<ENDHMM>
~h "kh"
<BEGINHMM>
<NUMSTATES> 5
<STATE> 2
<MEAN> 25
 -2.277539e+000 3.054192e-001 -3.159268e+000 5.389265e-001 4.816735e+000 3.024233e-001 2.655863e+000 6.800608e-001 1.677478e-001 1.035277e+000 -3.751093e-001 1.541781e+000 -1.394695e+000 -5.635188e-001 -1.346334e+000 -4.620186e-002 1.173643e+000 -3.190767e-001 1.560975e-001 3.418115e-001 2.158121e-001 1.062671e-001 3.420682e-002 4.517745e-001 6.055434e-002
<VARIANCE> 25
 4.320604e+001 4.954265e+001 5.621815e+001 4.692218e+001 5.822945e+001 6.757520e+001 5.006574e+001 3.866233e+001 5.178072e+001 4.193346e+001 4.341933e+001 2.801955e+001 4.135080e+000 5.136884e+000 5.608580e+000 4.742411e+000 5.971822e+000 5.292235e+000 5.427637e+000 4.041877e+000 4.676128e+000 3.717303e+000 3.568066e+000 2.678608e+000 8.065990e+000
<GCONST> 1.122050e+002
<STATE> 3
<MEAN> 25
 -7.455781e+000 -5.103547e+000 -1.087776e+001 -2.757878e+000 1.020586e+001 1.308492e+000 8.215607e-001 2.016263e+000 3.334069e+000 1.347200e+000 1.024996e+000 1.944573e+000 -2.483747e-001 -2.535182e-001 -2.432392e-001 -1.560999e-001 -1.187565e-001 2.443841e-001 2.845423e-001 7.880241e-002 -2.480319e-002 -2.764104e-002 2.532244e-001 2.212933e-002 9.777156e-002
<VARIANCE> 25
 2.139169e+001 3.480422e+001 3.831061e+001 5.134652e+001 4.505079e+001 5.755309e+001 4.637567e+001 4.236568e+001 4.698652e+001 3.873042e+001 3.062049e+001 3.176015e+001 1.228966e+000 1.849371e+000 2.187894e+000 2.155179e+000 2.659360e+000 2.918934e+000 2.593379e+000 2.402594e+000 2.425415e+000 2.469912e+000 1.949611e+000 1.939264e+000 1.553434e+000
<GCONST> 9.978522e+001
<STATE> 4
<MEAN> 25
 -5.002131e+000 1.536127e-001 -4.555355e+000 1.001704e+000 2.832458e+000 1.463751e+000 4.500601e+000 8.249732e-001 8.008751e-001 -6.764149e-001 1.167527e+000 1.831070e+000 5.427421e-001 3.504780e-001 4.457157e-001 -1.006407e-001 -3.734152e-001 7.106283e-002 -4.427103e-002 -2.783194e-001 -1.740501e-001 -8.162341e-002 -6.301145e-002 -1.946372e-001 2.287336e-001
<VARIANCE> 25
 3.338735e+001 3.696394e+001 4.600745e+001 4.181199e+001 3.383238e+001 4.095250e+001 3.439950e+001 2.957195e+001 3.143503e+001 2.930567e+001 2.081028e+001 2.418867e+001 2.856036e+000 1.689182e+000 2.421203e+000 2.258940e+000 2.042561e+000 2.023189e+000 2.283039e+000 2.525811e+000 2.201409e+000 2.010254e+000 1.793941e+000 1.669206e+000 2.219873e+000
<GCONST> 9.765811e+001
<TRANSP> 5
 0.000000e+000 1.000000e+000 0.000000e+000 0.000000e+000 0.000000e+000
 0.000000e+000 7.671018e-001 2.328982e-001 0.000000e+000 0.000000e+000
 0.000000e+000 0.000000e+000 8.141664e-001 1.858336e-001 0.000000e+000
 0.000000e+000 0.000000e+000 0.000000e+000 8.780274e-001 1.219726e-001
 0.000000e+000 0.000000e+000 0.000000e+000 0.000000e+000 0.000000e+000
<ENDHMM>
~h "ng"
<BEGINHMM>
<NUMSTATES> 5
<STATE> 2
<MEAN> 25
 7.284839e+000 -1.832057e+000 1.129782e+000 -2.074954e+000 -3.082449e+000 3.170510e+000 -2.331898e-002 -1.786511e+000 -4.913554e+000 4.008642e+000 -2.948513e+000 -4.891926e+000 4.540614e-001 1.212732e+000 1.536506e+000 1.071557e+000 -1.497022e+000 -7.461012e-002 1.557946e+000 -2.543722e+000 -7.681123e-001 5.843956e-001 -1.118924e+000 1.756252e+000 -1.357000e+000
<VARIANCE> 25
 8.321775e+000 2.821953e+001 3.078342e+001 3.473546e+001 4.589665e+001 4.698108e+001 4.806741e+001 5.588266e+001 4.203115e+001 4.085459e+001 3.797448e+001 4.662624e+001 5.427817e-001 1.540536e+000 2.384072e+000 2.510547e+000 3.158171e+000 3.078287e+000 4.383904e+000 3.865984e+000 5.406969e+000 3.127482e+000 4.062037e+000 3.742832e+000 6.415651e-001
<GCONST> 1.007006e+002
<STATE> 3
<MEAN> 25
 7.925204e+000 4.369553e-001 5.800786e+000 -1.221422e+000 -6.546688e+000 3.873902e+000 5.634100e-001 -6.290910e+000 -5.133288e+000 3.293606e+000 -3.746194e+000 -6.689162e-001 3.715397e-002 4.039560e-001 4.205211e-001 3.320531e-001 -1.351233e-001 -1.285733e-001 2.090962e-001 -4.259028e-001 -1.671842e-001 2.914154e-002 -6.519179e-002 3.458352e-001 -4.589063e-001
<VARIANCE> 25
 7.721134e+000 1.823373e+001 2.402778e+001 4.038936e+001 3.328773e+001 3.645955e+001 4.667796e+001 4.058324e+001 3.664511e+001 3.039532e+001 3.453643e+001 3.023177e+001 2.423905e-001 7.434329e-001 1.024706e+000 1.102045e+000 1.311046e+000 1.181264e+000 1.523614e+000 1.449466e+000 1.415754e+000 1.301940e+000 1.275198e+000 1.236322e+000 4.293210e-001
<GCONST> 8.624523e+001
<STATE> 4
<MEAN> 25
 5.895611e+000 3.203050e+000 3.997762e+000 1.374226e+000 -2.873358e+000 2.072777e+000 4.056376e+000 -6.016455e+000 -5.387432e+000 2.659793e+000 -4.411312e+000 1.815337e-001 -6.974314e-001 3.923770e-001 -7.070103e-001 4.334484e-001 1.217792e+000 -3.721552e-001 6.087468e-002 7.015451e-001 3.155738e-001 -3.979205e-001 2.584395e-001 -4.061221e-001 -9.612576e-001
<VARIANCE> 25
 2.100722e+001 2.335157e+001 3.109192e+001 4.080743e+001 5.629947e+001 3.484370e+001 4.918391e+001 5.045357e+001 4.457384e+001 3.972922e+001 4.016667e+001 3.349557e+001 1.143303e+000 2.035967e+000 2.128592e+000 2.822844e+000 3.357791e+000 3.027569e+000 3.265520e+000 3.917212e+000 3.494827e+000 2.801071e+000 2.719027e+000 2.751062e+000 3.446930e+000
<GCONST> 1.024071e+002
<TRANSP> 5
 0.000000e+000 1.000000e+000 0.000000e+000 0.000000e+000 0.000000e+000
 0.000000e+000 5.725174e-001 4.274826e-001 0.000000e+000 0.000000e+000
 0.000000e+000 0.000000e+000 7.494649e-001 2.505350e-001 0.000000e+000
 0.000000e+000 0.000000e+000 0.000000e+000 6.766796e-001 3.233204e-001
 0.000000e+000 0.000000e+000 0.000000e+000 0.000000e+000 0.000000e+000
<ENDHMM>
~h "ny"
<BEGINHMM>
<NUMSTATES> 5
<STATE> 2
<MEAN> 25
 5.429456e+000 4.258405e+000 7.567916e+000 1.827504e+000 -5.188846e+000 -3.084530e+000 -1.828431e+000 -2.430165e+000 -6.807137e+000 -2.148050e+000 2.162262e+000 1.489341e+000 -2.460070e-001 -1.125562e-001 5.456752e-001 -7.126744e-001 -4.601320e-001 2.083128e-001 1.934466e-002 4.338815e-001 -2.500261e-001 -2.060983e-001 3.688999e-001 4.073123e-002 5.226585e-001
<VARIANCE> 25
 1.636419e+001 2.385394e+001 3.066983e+001 5.279165e+001 3.359352e+001 3.450204e+001 4.042483e+001 6.265446e+001 4.416497e+001 4.413116e+001 4.327018e+001 4.347446e+001 2.198055e+000 4.502377e+000 3.080678e+000 5.544076e+000 3.594041e+000 3.263568e+000 4.007576e+000 1.015608e+001 4.462689e+000 3.920966e+000 3.615486e+000 2.774169e+000 3.529268e+000
<GCONST> 1.070379e+002
<STATE> 3
<MEAN> 25
 2.404479e+000 -5.141562e+000 8.888895e+000 -5.067311e+000 -9.920576e+000 -2.028294e+000 -9.853473e-001 9.529538e+000 -3.502250e+000 -4.971891e+000 6.794814e-001 2.919497e-001 1.696066e-001 -2.260652e+000 -1.549519e+000 2.789299e-001 4.551288e-001 1.861411e-001 9.970818e-002 1.982728e+000 1.533042e+000 -8.397382e-001 -1.485841e+000 -4.472356e-001 9.544948e-001
<VARIANCE> 25
 7.620438e+000 1.964598e+001 3.166528e+001 2.638879e+001 3.437064e+001 2.641992e+001 2.672860e+001 3.785542e+001 4.419020e+001 3.391765e+001 2.996834e+001 2.295241e+001 3.402801e-001 1.160718e+000 1.445341e+000 1.346860e+000 2.823290e+000 1.480598e+000 1.971800e+000 2.763678e+000 1.962236e+000 2.434820e+000 1.745358e+000 1.892650e+000 5.159690e-001
<GCONST> 9.022085e+001
<STATE> 4
<MEAN> 25
 2.891510e+000 -8.239579e+000 7.622668e-001 -2.206329e+000 -9.930725e-001 -1.380982e-001 -1.720019e+000 1.015506e+001 -1.879841e-001 -6.046620e+000 -4.577664e+000 -1.274839e+000 1.887849e-001 -2.898107e-001 -9.491335e-001 1.213934e-001 1.082562e+000 3.717666e-001 -2.978578e-001 -3.248760e-001 4.695702e-001 2.188867e-001 -5.203595e-001 -3.894926e-001 -2.785114e-001
<VARIANCE> 25
 1.056087e+001 2.978926e+001 2.665220e+001 2.148631e+001 4.377922e+001 2.301105e+001 2.614797e+001 4.427751e+001 4.333477e+001 3.591669e+001 2.725879e+001 1.799349e+001 2.716071e-001 8.191146e-001 1.067869e+000 7.485548e-001 1.408242e+000 9.904486e-001 1.211937e+000 1.313041e+000 1.344206e+000 1.205417e+000 1.268275e+000 1.232987e+000 5.566453e-001
<GCONST> 8.497777e+001
<TRANSP> 5
 0.000000e+000 1.000000e+000 0.000000e+000 0.000000e+000 0.000000e+000
 0.000000e+000 8.688208e-001 1.311792e-001 0.000000e+000 0.000000e+000
 0.000000e+000 0.000000e+000 6.907686e-001 3.092314e-001 0.000000e+000
 0.000000e+000 0.000000e+000 0.000000e+000 7.561082e-001 2.438919e-001
 0.000000e+000 0.000000e+000 0.000000e+000 0.000000e+000 0.000000e+000
<ENDHMM>
~h "oi"
<BEGINHMM>
<NUMSTATES> 5
<STATE> 2
<MEAN> 25
 8.631309e+000 -2.467151e+000 -6.571760e+000 -1.469984e+001 -6.463584e+000 1.221390e+001 -4.509107e+000 -3.723745e+000 2.423326e+000 8.303746e-001 4.915111e+000 -2.266833e-001 -1.689762e-001 -6.422005e-001 1.112238e-001 -3.574238e-001 5.596688e-002 -1.364272e-001 -7.751245e-001 7.348035e-002 2.255003e-001 1.012544e+000 2.761029e-002 -9.056366e-001 7.777776e-001
<VARIANCE> 25
 1.045265e+001 3.367995e+001 2.857697e+001 5.396370e+001 3.594073e+001 4.324389e+001 4.847601e+001 3.152339e+001 4.330417e+001 4.592036e+001 3.750432e+001 4.324554e+001 8.970347e-001 1.173244e+000 1.245124e+000 6.649943e+000 3.324875e+000 6.350890e+000 2.803617e+000 2.347134e+000 2.840052e+000 3.908463e+000 3.026422e+000 2.694825e+000 8.891686e-001
<GCONST> 1.003059e+002
<STATE> 3
<MEAN> 25
 4.452195e+000 -6.880640e+000 1.070003e+000 -5.092560e+000 -6.678849e+000 -5.835454e+000 -9.242503e+000 4.766567e+000 1.880919e+000 6.092678e+000 8.611298e-001 -3.804268e+000 -7.808133e-001 1.593634e-001 2.798166e+000 1.775694e+000 -1.949465e+000 -3.158338e+000 5.880352e-001 1.392440e+000 -1.682571e+000 -1.216656e+000 2.673516e-001 1.385637e+000 -2.189349e-001
<VARIANCE> 25
 7.288556e+000 2.401512e+001 5.014151e+001 3.495095e+001 4.045957e+001 5.885396e+001 2.313942e+001 6.111290e+001 4.015329e+001 3.343118e+001 4.067052e+001 3.856804e+001 3.767029e-001 8.867482e-001 1.434619e+000 1.824823e+000 2.140573e+000 3.569226e+000 2.160800e+000 4.144555e+000 4.176061e+000 2.363815e+000 4.395002e+000 2.458785e+000 2.304493e-001
<GCONST> 9.546410e+001
<STATE> 4
<MEAN> 25
 5.214007e-001 1.178482e-001 1.282033e+001 -1.707483e-002 -1.122594e+001 -9.743697e+000 -3.929599e+000 -6.298857e-001 -8.059923e+000 1.037828e+000 3.889346e+000 6.974331e-001 -1.685816e-001 7.320406e-001 8.150923e-002 3.479287e-001 5.795925e-001 3.722631e-001 4.489035e-001 -7.082183e-001 4.953615e-003 -1.722739e-001 -3.160133e-001 -3.382548e-002 -1.290669e+000
<VARIANCE> 25
 1.373451e+001 2.907070e+001 3.938104e+001 2.736509e+001 3.808779e+001 4.348407e+001 4.061007e+001 8.831614e+001 4.241161e+001 2.890833e+001 2.709648e+001 2.762423e+001 6.893688e-001 1.098331e+000 3.636926e+000 1.456258e+000 2.587598e+000 1.859296e+000 2.344450e+000 3.089308e+000 3.661237e+000 1.817629e+000 1.839912e+000 1.918280e+000 1.391379e+000
<GCONST> 9.667252e+001
<TRANSP> 5
 0.000000e+000 1.000000e+000 0.000000e+000 0.000000e+000 0.000000e+000
 0.000000e+000 8.943154e-001 1.056847e-001 0.000000e+000 0.000000e+000
 0.000000e+000 0.000000e+000 7.968328e-001 2.031672e-001 0.000000e+000
 0.000000e+000 0.000000e+000 0.000000e+000 8.984687e-001 1.015313e-001
 0.000000e+000 0.000000e+000 0.000000e+000 0.000000e+000 0.000000e+000
<ENDHMM>
~h "sp"
<BEGINHMM>
<NUMSTATES> 3
<STATE> 2
~s "silst"
<TRANSP> 3
 0.000000e+000 2.146131e-001 7.853869e-001
 0.000000e+000 9.452247e-001 5.477533e-002
 0.000000e+000 0.000000e+000 0.000000e+000
<ENDHMM>
~h "sy"
<BEGINHMM>
<NUMSTATES> 5
<STATE> 2
<MEAN> 25
 -8.014030e+000 3.812691e+000 2.767468e+000 2.184058e+000 2.404318e+000 -1.623476e+000 3.114738e+000 1.126461e+000 1.146632e+000 -2.341615e+000 -5.736151e-001 2.842285e+000 -3.316638e+000 3.257852e-001 -1.459071e-001 -8.126561e-002 4.745063e-001 3.122835e-001 7.558780e-001 2.427230e-001 5.077426e-001 -1.746875e-001 7.368635e-001 3.373951e-001 5.060770e-002
<VARIANCE> 25
 6.861089e+001 3.400976e+001 4.792217e+001 2.761202e+001 4.013778e+001 4.753379e+001 4.293254e+001 3.999113e+001 3.713016e+001 2.867363e+001 2.654947e+001 2.192543e+001 5.557668e+000 4.538307e+000 3.534019e+000 3.421621e+000 4.321968e+000 3.820246e+000 5.026285e+000 3.899023e+000 3.260914e+000 2.969206e+000 3.256513e+000 2.292703e+000 2.788709e+000
<GCONST> 1.060350e+002
<STATE> 3
<MEAN> 25
 -2.260017e+001 8.982283e-001 1.465623e+000 -2.214599e+000 2.001662e+000 -1.101148e+000 5.043855e+000 1.881586e+000 3.220039e+000 6.698246e-002 4.001881e+000 4.606586e+000 -1.487053e-001 -5.202560e-001 -6.746349e-002 -2.503764e-001 -4.440333e-001 -6.625714e-002 5.805979e-002 -6.098846e-002 1.745387e-001 2.155572e-001 1.581831e-001 1.198648e-001 1.525538e-001
<VARIANCE> 25
 8.863636e+000 2.530289e+001 3.079983e+001 2.028890e+001 4.865871e+001 3.255414e+001 3.553259e+001 3.085656e+001 2.896778e+001 2.023384e+001 1.594210e+001 1.618067e+001 1.557580e+000 9.173356e-001 1.096317e+000 1.168632e+000 1.298533e+000 1.467304e+000 1.435266e+000 1.465084e+000 1.343307e+000 1.457460e+000 1.328739e+000 1.162238e+000 5.731274e-001
<GCONST> 8.663358e+001
<STATE> 4
<MEAN> 25
 -9.883665e+000 2.603828e-001 5.867560e+000 -6.725206e-001 -3.699130e+000 -4.543922e+000 1.313904e+000 7.354261e-001 1.578347e+000 -2.137170e+000 2.162310e+000 3.705978e+000 5.272235e+000 -3.535956e-001 1.146504e+000 1.223824e-001 -1.244571e+000 -1.261380e+000 -2.032592e+000 4.658623e-001 -6.568679e-001 -5.518994e-001 -8.184822e-001 -6.477662e-001 1.256268e+000
<VARIANCE> 25
 9.660587e+001 2.557295e+001 5.237444e+001 2.933925e+001 5.152763e+001 3.883454e+001 5.043782e+001 3.644621e+001 3.590865e+001 2.322311e+001 2.672415e+001 1.498300e+001 3.592725e+000 4.211036e+000 4.647259e+000 3.142925e+000 5.902498e+000 3.316268e+000 4.160277e+000 5.350525e+000 5.004964e+000 3.106514e+000 3.560773e+000 2.310546e+000 2.056916e+000
<GCONST> 1.059807e+002
<TRANSP> 5
 0.000000e+000 1.000000e+000 0.000000e+000 0.000000e+000 0.000000e+000
 0.000000e+000 8.199272e-001 1.800728e-001 0.000000e+000 0.000000e+000
 0.000000e+000 0.000000e+000 8.741261e-001 1.258739e-001 0.000000e+000
 0.000000e+000 0.000000e+000 0.000000e+000 7.391945e-001 2.608055e-001
 0.000000e+000 0.000000e+000 0.000000e+000 0.000000e+000 0.000000e+000
<ENDHMM>
~h "sil"
<BEGINHMM>
<NUMSTATES> 5
<STATE> 2
<MEAN> 25
 -5.818558e+000 1.905959e-001 -1.605721e+000 5.120259e+000 3.620322e+000 -6.833267e-001 5.611951e+000 1.935260e+000 3.750694e-001 -5.156945e-001 5.012727e-001 3.250867e+000 1.521833e-001 -1.754368e-001 -2.190946e-001 -1.048969e-001 -1.655128e-001 -7.888428e-001 -4.523534e-001 -3.948151e-001 -1.647389e-001 -4.228681e-001 -9.014568e-002 4.109154e-001 -1.265138e+000
<VARIANCE> 25
 3.511000e+001 2.821302e+001 3.021460e+001 5.617125e+001 3.981477e+001 6.124913e+001 4.382406e+001 6.854732e+001 3.486870e+001 4.001325e+001 3.138065e+001 3.734671e+001 2.593207e+000 3.069706e+000 2.467381e+000 3.694801e+000 2.943548e+000 5.513873e+000 3.614304e+000 5.701767e+000 2.849903e+000 3.515004e+000 2.691817e+000 2.979868e+000 1.772727e+001
<GCONST> 1.077547e+002
<STATE> 3
~s "silst"
<STATE> 4
<MEAN> 25
 -5.000105e+000 3.625557e+000 -2.441208e+000 3.566817e+000 4.140641e+000 -6.757242e-001 4.779632e+000 8.356234e-001 4.593509e-001 -8.548222e-003 5.949790e-001 2.134517e+000 -1.015817e-002 1.116099e-002 3.285273e-003 -1.796902e-003 4.063994e-003 3.433392e-003 2.028506e-003 -2.752620e-003 7.874609e-003 2.357345e-002 3.364340e-003 -1.102950e-002 -1.074824e-002
<VARIANCE> 25
 8.328145e+000 7.869602e+000 9.962629e+000 1.326407e+001 1.413970e+001 1.455172e+001 1.937418e+001 2.256178e+001 1.855829e+001 1.611953e+001 1.474354e+001 1.293886e+001 1.299564e-001 2.804651e-001 4.298660e-001 6.088156e-001 8.005405e-001 9.866748e-001 1.111765e+000 1.226948e+000 1.254360e+000 1.235002e+000 1.166698e+000 1.058926e+000 7.340842e-002
<GCONST> 7.083197e+001
<TRANSP> 5
 0.000000e+000 1.000000e+000 0.000000e+000 0.000000e+000 0.000000e+000
 0.000000e+000 7.589350e-001 1.934168e-001 4.764822e-002 0.000000e+000
 0.000000e+000 0.000000e+000 8.817551e-001 1.182449e-001 0.000000e+000
 0.000000e+000 2.577362e-002 0.000000e+000 9.565055e-001 1.772080e-002
 0.000000e+000 0.000000e+000 0.000000e+000 0.000000e+000 0.000000e+000
<ENDHMM>
