~o
<STREAMINFO> 1 25
<VECSIZE> 25<NULLD><MFCC_D_N_Z_0><DIAGC>
~s "silst"
<MEAN> 25
 -4.765229e+000 5.959982e-001 -3.212980e+000 3.258380e+000 2.873775e+000 -2.167415e-002 3.284801e+000 3.677197e-001 1.237279e+000 -1.784607e+000 1.960821e-001 2.304441e+000 -8.688238e-002 1.420797e-001 -1.438453e-002 4.518930e-002 2.742079e-002 2.919656e-002 4.645527e-002 -1.099225e-002 -3.629447e-004 3.137026e-002 6.545687e-002 8.899645e-003 -2.604988e-001
<VARIANCE> 25
 1.119786e+001 2.472238e+001 1.769695e+001 1.741176e+001 2.432956e+001 2.644477e+001 2.835734e+001 2.858824e+001 2.731343e+001 2.466517e+001 2.083350e+001 1.635736e+001 5.569014e-001 9.766085e-001 1.049161e+000 1.142413e+000 1.323154e+000 1.529688e+000 1.685791e+000 1.719686e+000 1.733663e+000 1.705701e+000 1.511748e+000 1.313066e+000 5.928588e-001
<GCONST> 8.539815e+001
~h "@"
<BEGINHMM>
<NUMSTATES> 5
<STATE> 2
<MEAN> 25
 3.677394e+000 -1.017553e+000 -3.330882e-001 -2.171878e+000 -2.136838e+000 -2.195268e+000 -4.848725e+000 -1.090186e+000 7.733449e-001 1.886009e+000 8.222763e-001 -1.223857e+000 2.139493e+000 -1.256147e+000 2.995284e-001 -1.717148e+000 -1.486939e+000 4.926479e-001 -2.203397e+000 1.265796e+000 6.287200e-001 9.150741e-001 4.889417e-001 -1.264392e+000 2.710356e+000
<VARIANCE> 25
 2.869595e+001 2.910126e+001 4.058985e+001 4.725649e+001 4.118339e+001 6.495264e+001 5.475870e+001 4.478538e+001 4.799522e+001 3.146220e+001 3.524302e+001 2.594391e+001 6.424573e+000 3.463947e+000 6.319656e+000 5.135963e+000 5.952507e+000 6.045309e+000 6.979072e+000 9.034539e+000 7.744001e+000 4.796584e+000 5.020772e+000 3.814608e+000 5.158932e+000
<GCONST> 1.125857e+002
<STATE> 3
<MEAN> 25
 5.823966e+000 -4.158823e+000 -3.874051e-002 -4.789334e+000 -4.067051e+000 -3.075615e-001 -8.371101e+000 1.816596e+000 1.601629e+000 3.748241e+000 1.887710e+000 -3.166539e+000 1.069218e+000 -1.041564e+000 3.216552e-001 -8.519731e-001 -9.148303e-001 5.953351e-001 -1.226023e+000 1.152493e+000 3.632019e-001 7.649022e-001 2.814318e-001 -8.725504e-001 1.073886e+000
<VARIANCE> 25
 1.429103e+001 2.759634e+001 4.110216e+001 4.775514e+001 4.423011e+001 7.455612e+001 5.551941e+001 6.000166e+001 5.930259e+001 4.006111e+001 4.461012e+001 3.188569e+001 2.874652e+000 1.999913e+000 3.177824e+000 3.660115e+000 3.751273e+000 4.604784e+000 4.783056e+000 6.755198e+000 5.296166e+000 4.003752e+000 3.964622e+000 2.888520e+000 2.022573e+000
<GCONST> 1.074757e+002
<STATE> 4
<MEAN> 25
 5.438203e+000 -4.219816e+000 2.282322e+000 -3.708652e+000 -6.414603e+000 -1.623862e+000 -8.090725e+000 3.664640e+000 8.466311e-001 3.620063e+000 2.283897e+000 -3.620160e+000 1.006094e-001 2.370906e-001 1.824355e-001 3.392304e-001 1.297472e-001 5.179800e-002 3.168363e-001 -2.380611e-001 -1.867729e-001 -3.669316e-002 -1.452793e-001 6.046365e-002 -5.166569e-001
<VARIANCE> 25
 1.340534e+001 2.949357e+001 4.378280e+001 4.043489e+001 5.075687e+001 6.551545e+001 7.693024e+001 6.587554e+001 5.604860e+001 4.309378e+001 4.257106e+001 3.299843e+001 6.281748e-001 1.270743e+000 1.429920e+000 1.915600e+000 2.068304e+000 2.381902e+000 2.460498e+000 2.797141e+000 2.832695e+000 2.196102e+000 2.161511e+000 1.645308e+000 1.623430e+000
<GCONST> 9.897000e+001
<TRANSP> 5
 0.000000e+000 1.000000e+000 0.000000e+000 0.000000e+000 0.000000e+000
 0.000000e+000 1.867968e-001 8.132032e-001 0.000000e+000 0.000000e+000
 0.000000e+000 0.000000e+000 1.125727e-001 8.874273e-001 0.000000e+000
 0.000000e+000 0.000000e+000 0.000000e+000 6.984125e-001 3.015875e-001
 0.000000e+000 0.000000e+000 0.000000e+000 0.000000e+000 0.000000e+000
<ENDHMM>
~h "a"
<BEGINHMM>
<NUMSTATES> 5
<STATE> 2
<MEAN> 25
 4.666968e+000 -8.181996e+000 -3.481547e+000 -6.477781e+000 -1.565007e+000 2.109299e+000 -4.247196e+000 5.028666e+000 4.359270e+000 1.142023e+000 -1.982483e+000 -4.896985e+000 5.754365e-001 -2.005835e+000 -1.074000e+000 -1.084126e+000 5.716233e-001 1.449490e+000 -1.075883e-001 1.393375e+000 8.717154e-001 -4.774629e-001 -1.193032e+000 -1.429608e+000 1.890824e+000
<VARIANCE> 25
 1.594797e+001 2.650290e+001 3.504183e+001 3.679550e+001 5.098845e+001 6.799374e+001 4.663757e+001 6.909014e+001 4.324728e+001 4.111780e+001 4.298300e+001 3.128567e+001 2.410792e+000 2.335306e+000 2.685731e+000 3.197192e+000 4.027112e+000 3.693467e+000 4.345337e+000 6.014886e+000 3.980885e+000 3.725038e+000 3.761426e+000 2.835400e+000 3.923158e+000
<GCONST> 1.063434e+002
<STATE> 3
<MEAN> 25
 4.498197e+000 -1.138236e+001 -5.606623e+000 -7.037066e+000 1.474804e+000 5.287620e+000 -2.973713e+000 5.288120e+000 4.974939e+000 -1.351809e+000 -4.990853e+000 -6.499267e+000 3.683977e-003 -1.558782e-001 -2.933351e-002 8.942932e-002 3.290459e-001 4.024389e-002 1.744571e-001 5.272660e-002 -7.583524e-002 -1.391447e-001 -3.043730e-001 -3.724496e-002 -3.122492e-002
<VARIANCE> 25
 7.932354e+000 1.756117e+001 2.190205e+001 2.158667e+001 3.221986e+001 4.484171e+001 3.079922e+001 5.202859e+001 3.185419e+001 3.174607e+001 3.137418e+001 2.532578e+001 2.935027e-001 6.630831e-001 8.017824e-001 9.454409e-001 1.361136e+000 1.943486e+000 1.439852e+000 1.951611e+000 1.287548e+000 1.456546e+000 1.495966e+000 1.148637e+000 4.013551e-001
<GCONST> 8.564346e+001
<STATE> 4
<MEAN> 25
 4.888891e+000 -8.268863e+000 -4.344594e+000 -5.632996e+000 1.411755e+000 2.417609e+000 -2.425714e+000 5.181624e+000 4.353162e+000 4.056488e-001 -4.527182e+000 -5.470006e+000 5.462603e-002 1.467441e+000 6.855107e-001 9.003133e-001 -1.071397e-001 -7.668002e-001 1.317021e-001 -5.408256e-001 -4.780772e-001 3.993916e-001 4.566974e-001 5.414234e-001 -2.073752e+000
<VARIANCE> 25
 1.169391e+001 2.443582e+001 2.655939e+001 3.375850e+001 4.624268e+001 5.352385e+001 4.084901e+001 5.535144e+001 3.794548e+001 4.193157e+001 4.141737e+001 3.253315e+001 1.093899e+000 1.850556e+000 1.905606e+000 2.286354e+000 2.741913e+000 3.107589e+000 3.164915e+000 3.902000e+000 2.976181e+000 2.916303e+000 2.718483e+000 2.358277e+000 2.832531e+000
<GCONST> 1.004097e+002
<TRANSP> 5
 0.000000e+000 1.000000e+000 0.000000e+000 0.000000e+000 0.000000e+000
 0.000000e+000 5.484247e-001 4.515753e-001 0.000000e+000 0.000000e+000
 0.000000e+000 0.000000e+000 7.614660e-001 2.385340e-001 0.000000e+000
 0.000000e+000 0.000000e+000 0.000000e+000 6.883239e-001 3.116762e-001
 0.000000e+000 0.000000e+000 0.000000e+000 0.000000e+000 0.000000e+000
<ENDHMM>
~h "b"
<BEGINHMM>
<NUMSTATES> 5
<STATE> 2
<MEAN> 25
 9.484935e+000 8.016232e+000 4.140805e+000 2.871451e+000 1.797749e+000 4.773032e+000 1.282497e+000 -6.022293e+000 -3.502926e+000 -4.049600e-001 4.916899e-001 -1.380860e+000 4.928348e-001 1.455294e+000 4.333456e-001 6.735770e-001 6.341527e-001 2.842759e-001 1.000061e+000 -3.372024e-001 -1.965777e-001 -2.656235e-001 -1.845907e-001 1.881238e-002 -1.333059e+000
<VARIANCE> 25
 2.406953e+001 3.350293e+001 2.246591e+001 3.228728e+001 3.119833e+001 3.022717e+001 3.957834e+001 3.522985e+001 4.004690e+001 2.569344e+001 3.168022e+001 2.390550e+001 1.998173e+000 2.266512e+000 2.050267e+000 2.753667e+000 2.531029e+000 2.747236e+000 3.186394e+000 3.128088e+000 3.206117e+000 2.426840e+000 2.538296e+000 1.951696e+000 4.953308e+000
<GCONST> 9.961337e+001
<STATE> 3
<MEAN> 25
 8.942375e+000 9.839912e+000 4.699965e+000 4.218025e+000 2.745048e+000 4.436689e+000 3.311137e+000 -6.035568e+000 -4.106088e+000 -1.287295e+000 6.234422e-001 -4.836141e-001 -1.208926e+000 -2.103895e+000 -1.436196e+000 -1.146543e+000 -2.990988e-001 -1.038236e+000 -1.585582e+000 6.368306e-001 8.435192e-001 2.484566e-001 1.174211e+000 6.996151e-001 3.353673e+000
<VARIANCE> 25
 2.377850e+001 2.395264e+001 1.782106e+001 2.366400e+001 2.790574e+001 2.983749e+001 2.749753e+001 3.290477e+001 3.455138e+001 2.136216e+001 2.875344e+001 2.103551e+001 1.795177e+000 2.610038e+000 3.152600e+000 5.065302e+000 3.584382e+000 3.381641e+000 3.638491e+000 3.276497e+000 4.554219e+000 3.461153e+000 3.450205e+000 2.452987e+000 4.523753e+000
<GCONST> 1.005686e+002
<STATE> 4
<MEAN> 25
 5.765680e+000 1.305812e+000 -1.305588e+000 -1.955436e+000 2.985001e-002 2.468045e+000 -2.996028e+000 -5.123103e+000 -4.184572e-001 1.838636e+000 5.138343e+000 5.327613e-001 -6.099326e-001 -3.153266e+000 -1.537573e+000 -2.730438e+000 -1.870779e+000 1.373215e-002 -2.727092e+000 1.166507e+000 1.902076e+000 1.324382e+000 6.954197e-001 -8.997636e-001 4.951136e+000
<VARIANCE> 25
 2.317672e+001 2.668830e+001 2.389064e+001 7.362289e+001 3.280547e+001 4.719752e+001 3.950067e+001 2.772478e+001 3.132689e+001 3.602708e+001 3.220027e+001 2.202796e+001 2.324422e+000 4.099998e+000 5.159855e+000 7.471159e+000 4.224197e+000 5.989681e+000 5.345939e+000 7.160496e+000 9.496697e+000 6.113052e+000 5.196074e+000 5.308778e+000 5.075728e+000
<GCONST> 1.095687e+002
<TRANSP> 5
 0.000000e+000 1.000000e+000 0.000000e+000 0.000000e+000 0.000000e+000
 0.000000e+000 7.575775e-001 2.424225e-001 0.000000e+000 0.000000e+000
 0.000000e+000 0.000000e+000 4.414348e-001 5.585653e-001 0.000000e+000
 0.000000e+000 0.000000e+000 0.000000e+000 3.617350e-001 6.382650e-001
 0.000000e+000 0.000000e+000 0.000000e+000 0.000000e+000 0.000000e+000
<ENDHMM>
~h "c"
<BEGINHMM>
<NUMSTATES> 5
<STATE> 2
<MEAN> 25
 -9.887490e-001 5.890146e+000 2.863628e+000 4.022278e+000 3.183089e-001 -5.495064e+000 1.196667e+000 -2.970816e-001 8.912596e-001 -2.053764e+000 -3.120104e-001 2.685668e+000 -1.732712e+000 1.219570e-001 -8.708284e-001 -2.944663e-001 6.792379e-001 1.775040e-001 6.254596e-001 -2.872150e-001 3.471318e-001 2.045968e-002 1.801939e-001 8.041187e-002 -1.608134e+000
<VARIANCE> 25
 2.474666e+001 3.221475e+001 3.581966e+001 2.376950e+001 4.076748e+001 3.985125e+001 4.719325e+001 4.162368e+001 3.717727e+001 2.920850e+001 2.330016e+001 2.274914e+001 4.177711e+000 5.376276e+000 2.933043e+000 3.180916e+000 4.054869e+000 3.120603e+000 3.686609e+000 3.552027e+000 3.234831e+000 2.884304e+000 2.408304e+000 2.374030e+000 1.065434e+001
<GCONST> 1.044119e+002
<STATE> 3
<MEAN> 25
 -1.570861e+001 1.933046e+000 -3.476386e+000 -1.696210e+000 3.549262e+000 -3.237526e+000 3.541549e+000 -9.324224e-001 1.523348e+000 9.947525e-002 2.256576e+000 3.870256e+000 -2.369080e+000 -5.625163e-001 -3.121273e-001 -1.102883e+000 -3.426042e-001 -3.201420e-001 1.421456e-001 3.604439e-001 2.410138e-001 4.341280e-002 4.670116e-001 5.219120e-001 3.988115e+000
<VARIANCE> 25
 3.405825e+001 2.445662e+001 2.866891e+001 3.033637e+001 2.746063e+001 3.640234e+001 4.037296e+001 2.991874e+001 2.499751e+001 2.400076e+001 1.687360e+001 1.494331e+001 6.177467e+000 2.389279e+000 3.898422e+000 3.231431e+000 3.243275e+000 3.389957e+000 3.181191e+000 3.293444e+000 2.792032e+000 2.427148e+000 2.162326e+000 1.630751e+000 5.613857e+000
<GCONST> 1.002419e+002
<STATE> 4
<MEAN> 25
 -1.067452e+001 1.192390e+000 9.634421e-001 -1.113917e+000 -6.955913e-001 -5.845310e+000 1.637235e+000 2.053638e+000 2.486404e+000 -2.099145e+000 3.387507e-001 3.775343e+000 5.363218e+000 -1.205006e+000 1.840760e+000 1.765006e-001 -1.697811e+000 -3.313093e-001 -2.371851e+000 1.060742e+000 1.989761e-001 -4.401795e-001 -1.150890e+000 -1.118819e+000 2.176995e+000
<VARIANCE> 25
 8.402925e+001 2.454139e+001 3.641164e+001 2.920085e+001 2.747505e+001 3.409723e+001 6.220226e+001 3.394164e+001 2.793486e+001 2.487312e+001 2.379471e+001 1.717876e+001 3.177075e+000 5.205192e+000 4.459797e+000 5.161877e+000 3.678808e+000 4.565020e+000 5.242862e+000 7.704345e+000 5.717865e+000 3.859749e+000 3.260908e+000 2.601594e+000 2.528150e+000
<GCONST> 1.062234e+002
<TRANSP> 5
 0.000000e+000 1.000000e+000 0.000000e+000 0.000000e+000 0.000000e+000
 0.000000e+000 7.968613e-001 2.031387e-001 0.000000e+000 0.000000e+000
 0.000000e+000 0.000000e+000 7.324409e-001 2.675591e-001 0.000000e+000
 0.000000e+000 0.000000e+000 0.000000e+000 6.095424e-001 3.904576e-001
 0.000000e+000 0.000000e+000 0.000000e+000 0.000000e+000 0.000000e+000
<ENDHMM>
~h "d"
<BEGINHMM>
<NUMSTATES> 5
<STATE> 2
<MEAN> 25
 7.072805e+000 4.820862e+000 7.008443e+000 7.223363e+000 -1.845374e-001 -2.609756e+000 -2.427452e+000 -1.073736e+000 2.152817e+000 -1.468484e+000 -3.664020e+000 -1.195055e+000 7.076353e-001 1.363300e+000 8.439072e-001 1.077446e+000 7.755221e-001 -2.987857e-001 3.901275e-001 -1.813233e-001 3.961303e-001 -2.957062e-001 -5.277168e-001 -1.329199e-001 -1.347130e+000
<VARIANCE> 25
 3.159945e+001 4.456190e+001 3.404295e+001 3.246520e+001 4.070424e+001 3.783904e+001 5.115800e+001 6.501746e+001 4.004872e+001 3.654181e+001 3.394965e+001 2.797143e+001 2.649084e+000 3.204456e+000 2.785626e+000 2.863995e+000 3.621467e+000 2.842894e+000 4.033129e+000 5.152040e+000 3.403360e+000 2.982266e+000 3.047899e+000 2.282259e+000 6.581748e+000
<GCONST> 1.055210e+002
<STATE> 3
<MEAN> 25
 7.553596e+000 6.913045e+000 8.649961e+000 8.732761e+000 1.342766e+000 -3.041189e+000 -1.296818e+000 -1.143606e+000 2.357957e+000 -1.995116e+000 -3.921953e+000 -1.025991e+000 -1.961724e+000 -2.345813e+000 -5.258343e-002 -1.839812e+000 -3.703030e-001 -3.504497e-001 -5.708045e-001 8.567907e-001 -8.123238e-001 -7.686906e-002 1.565691e+000 1.226598e+000 3.497415e+000
<VARIANCE> 25
 2.413264e+001 2.877705e+001 3.005677e+001 2.725709e+001 3.139986e+001 3.553181e+001 4.295613e+001 4.618475e+001 3.369305e+001 3.448684e+001 2.911552e+001 2.586707e+001 1.951808e+000 2.877378e+000 3.666766e+000 3.074060e+000 4.747605e+000 4.061978e+000 5.296286e+000 7.048834e+000 5.353019e+000 3.818668e+000 3.123994e+000 2.738349e+000 4.404095e+000
<GCONST> 1.048643e+002
<STATE> 4
<MEAN> 25
 1.418042e+000 -2.726454e+000 6.841402e+000 1.352260e+000 -2.121437e+000 -4.655562e+000 -4.505951e+000 2.459546e+000 3.683346e-001 -1.416443e+000 1.258652e+000 3.021537e+000 -9.976869e-001 -2.551073e+000 -6.529983e-001 -2.364265e+000 -2.656225e+000 -4.102710e-001 -1.760756e+000 1.800556e+000 -1.915184e-002 3.264983e-001 1.401807e+000 2.998627e-001 4.833188e+000
<VARIANCE> 25
 1.965494e+001 2.620641e+001 3.838747e+001 3.066822e+001 5.208492e+001 4.473450e+001 8.208126e+001 5.164014e+001 4.644809e+001 2.707671e+001 2.490047e+001 2.352349e+001 2.691978e+000 3.365777e+000 5.826037e+000 4.286325e+000 5.053353e+000 4.014997e+000 5.487701e+000 1.101814e+001 8.328475e+000 4.500360e+000 4.928905e+000 3.550809e+000 4.396363e+000
<GCONST> 1.093785e+002
<TRANSP> 5
 0.000000e+000 1.000000e+000 0.000000e+000 0.000000e+000 0.000000e+000
 0.000000e+000 7.264586e-001 2.735414e-001 0.000000e+000 0.000000e+000
 0.000000e+000 0.000000e+000 4.140370e-001 5.859630e-001 0.000000e+000
 0.000000e+000 0.000000e+000 0.000000e+000 3.781592e-001 6.218408e-001
 0.000000e+000 0.000000e+000 0.000000e+000 0.000000e+000 0.000000e+000
<ENDHMM>
~h "e"
<BEGINHMM>
<NUMSTATES> 5
<STATE> 2
<MEAN> 25
 2.196703e+000 -4.062273e+000 3.047067e+000 -5.550864e-001 -5.112001e+000 -4.805809e+000 -2.617626e+000 2.894941e+000 3.003280e-001 7.926848e-001 1.411295e+000 -8.110842e-001 7.335376e-001 -1.821203e+000 1.092210e+000 -9.776324e-001 -2.039180e+000 -5.285852e-001 -7.416766e-001 2.093743e+000 -2.241267e-001 -8.587287e-002 2.269945e-001 -3.611372e-001 2.804687e+000
<VARIANCE> 25
 3.992615e+001 4.825180e+001 5.444695e+001 4.101562e+001 5.035591e+001 4.796560e+001 6.335276e+001 6.830666e+001 5.274033e+001 3.849250e+001 3.966741e+001 3.030742e+001 4.764483e+000 4.182255e+000 4.405271e+000 4.969775e+000 5.858333e+000 5.029158e+000 6.103465e+000 8.390703e+000 7.079187e+000 4.949871e+000 4.836861e+000 3.317357e+000 7.892841e+000
<GCONST> 1.138869e+002
<STATE> 3
<MEAN> 25
 4.017880e+000 -6.723267e+000 5.674983e+000 -1.636185e+000 -9.579359e+000 -5.512256e+000 -3.218683e+000 6.343372e+000 -2.531247e-001 1.064622e-001 2.840154e+000 -9.932846e-001 -9.799802e-002 -2.078105e-001 5.334046e-001 -2.278812e-001 -8.364981e-001 -8.342462e-002 3.076938e-001 5.758911e-001 -3.000157e-001 -1.720520e-003 2.868390e-001 -8.685617e-003 3.770182e-001
<VARIANCE> 25
 1.759149e+001 4.315269e+001 5.090470e+001 4.195010e+001 5.359809e+001 4.945444e+001 6.105640e+001 7.736448e+001 6.020803e+001 3.855766e+001 4.877169e+001 3.319110e+001 1.363316e+000 2.292639e+000 2.355006e+000 2.561697e+000 4.165573e+000 3.043793e+000 4.009111e+000 4.053259e+000 3.775675e+000 2.753185e+000 2.740114e+000 2.299237e+000 5.279525e+000
<GCONST> 1.058385e+002
<STATE> 4
<MEAN> 25
 2.754691e+000 -7.013881e+000 7.744819e+000 -3.178371e+000 -1.177724e+001 -6.704952e+000 -1.444889e-001 7.721792e+000 -2.083826e+000 7.437047e-001 3.258277e+000 -9.816216e-001 6.342240e-002 3.019596e-001 -2.262706e-001 2.589549e-001 4.556829e-001 8.207599e-002 5.703757e-002 -2.952934e-001 5.906881e-002 5.704008e-002 -2.841026e-001 -7.387672e-002 -4.579364e-001
<VARIANCE> 25
 1.006055e+001 3.282755e+001 4.390512e+001 3.156687e+001 3.756435e+001 4.342065e+001 5.472765e+001 6.539851e+001 5.507093e+001 3.731932e+001 3.995109e+001 2.671115e+001 5.143093e-001 1.015950e+000 1.213580e+000 1.382012e+000 1.944237e+000 1.534607e+000 2.054060e+000 1.986845e+000 1.867517e+000 1.559405e+000 1.567389e+000 1.199953e+000 1.585248e+000
<GCONST> 9.369054e+001
<TRANSP> 5
 0.000000e+000 1.000000e+000 0.000000e+000 0.000000e+000 0.000000e+000
 0.000000e+000 4.822946e-001 5.177054e-001 0.000000e+000 0.000000e+000
 0.000000e+000 0.000000e+000 5.878121e-001 4.121879e-001 0.000000e+000
 0.000000e+000 0.000000e+000 0.000000e+000 8.133922e-001 1.866079e-001
 0.000000e+000 0.000000e+000 0.000000e+000 0.000000e+000 0.000000e+000
<ENDHMM>
~h "f"
<BEGINHMM>
<NUMSTATES> 5
<STATE> 2
<MEAN> 25
 -1.435105e+000 2.005331e+000 -6.501882e-001 3.616967e+000 2.439783e+000 8.703111e-001 2.663779e+000 -5.015470e-001 7.845584e-001 2.771000e-001 6.531241e-001 1.197404e+000 -3.327249e+000 3.617972e-003 -6.896271e-001 1.504881e+000 7.855535e-001 -7.034299e-001 6.383207e-001 3.061242e-001 9.280125e-001 -1.256411e-001 6.744318e-002 4.839018e-001 -1.271114e+000
<VARIANCE> 25
 4.559103e+001 2.378699e+001 3.223567e+001 4.419470e+001 3.401497e+001 5.004554e+001 3.439550e+001 3.832763e+001 3.132089e+001 2.597195e+001 2.319130e+001 2.133709e+001 3.421642e+000 4.238771e+000 3.361841e+000 5.125380e+000 4.868025e+000 5.867826e+000 5.008604e+000 4.386419e+000 3.802828e+000 3.292035e+000 2.762222e+000 2.509948e+000 2.871765e+000
<GCONST> 1.052082e+002
<STATE> 3
<MEAN> 25
 -1.255332e+001 -2.340460e+000 -4.180750e+000 4.342402e+000 2.433639e+000 -1.334195e+000 2.097427e+000 4.104846e-001 2.752687e+000 3.008985e-001 1.294195e+000 3.017910e+000 -4.832043e-001 -4.460292e-001 -2.902306e-001 -6.406119e-002 3.165724e-003 -1.960569e-002 -4.541023e-003 4.602476e-002 5.149818e-002 1.112417e-002 6.296311e-002 5.117927e-002 -1.028439e-001
<VARIANCE> 25
 1.813671e+001 1.738085e+001 1.931270e+001 1.886540e+001 2.148629e+001 2.583003e+001 2.657594e+001 2.480230e+001 2.300519e+001 2.028768e+001 1.685842e+001 1.531379e+001 1.856368e+000 1.161337e+000 1.438896e+000 1.356097e+000 1.469548e+000 1.663973e+000 1.577591e+000 1.586461e+000 1.571861e+000 1.502574e+000 1.345992e+000 1.244508e+000 1.349699e+000
<GCONST> 8.703101e+001
<STATE> 4
<MEAN> 25
 -7.716466e+000 -2.206749e+000 -4.226501e+000 3.035187e+000 2.545971e+000 -3.913476e-001 2.431240e+000 2.494115e-001 2.088460e+000 3.611384e-001 1.251975e+000 1.845532e+000 3.528179e+000 7.321393e-001 5.323334e-001 -1.342524e+000 -8.196939e-001 6.090670e-001 -5.793431e-001 -3.384182e-001 -7.044958e-001 -2.444802e-001 -3.337471e-002 -7.950633e-001 9.753996e-001
<VARIANCE> 25
 5.214005e+001 2.571936e+001 2.781336e+001 3.684053e+001 3.104767e+001 3.865198e+001 2.956755e+001 3.152636e+001 2.845522e+001 2.428962e+001 2.021127e+001 1.856801e+001 6.262601e+000 3.829445e+000 4.058569e+000 6.468745e+000 4.121017e+000 5.407777e+000 4.228005e+000 3.840736e+000 3.672288e+000 3.121075e+000 2.653264e+000 2.443982e+000 6.449266e+000
<GCONST> 1.049827e+002
<TRANSP> 5
 0.000000e+000 1.000000e+000 0.000000e+000 0.000000e+000 0.000000e+000
 0.000000e+000 6.890035e-001 3.109964e-001 0.000000e+000 0.000000e+000
 0.000000e+000 0.000000e+000 8.537784e-001 1.462216e-001 0.000000e+000
 0.000000e+000 0.000000e+000 0.000000e+000 6.429939e-001 3.570061e-001
 0.000000e+000 0.000000e+000 0.000000e+000 0.000000e+000 0.000000e+000
<ENDHMM>
~h "g"
<BEGINHMM>
<NUMSTATES> 5
<STATE> 2
<MEAN> 25
 7.702157e+000 5.261064e+000 6.527636e+000 4.440967e+000 -1.625508e+000 -3.805099e+000 -9.672035e-001 -1.548204e+000 -3.948570e+000 2.245636e+000 -1.840251e-002 -2.529937e+000 3.888921e-001 1.603995e+000 7.117079e-001 1.203443e+000 4.226178e-001 -3.510658e-001 1.020419e+000 -6.041660e-001 1.022778e-001 -4.210918e-001 -2.108057e-001 1.060868e-001 -2.199450e+000
<VARIANCE> 25
 1.957875e+001 4.428898e+001 3.731734e+001 3.570852e+001 5.151847e+001 5.311467e+001 5.354146e+001 5.401275e+001 4.858085e+001 3.978782e+001 3.483972e+001 2.782056e+001 1.984598e+000 2.350876e+000 3.208280e+000 2.939323e+000 4.042138e+000 3.759303e+000 3.794816e+000 4.158579e+000 4.869835e+000 3.122503e+000 2.684056e+000 2.458046e+000 4.600802e+000
<GCONST> 1.056329e+002
<STATE> 3
<MEAN> 25
 4.022111e+000 6.103781e+000 4.766031e+000 6.816298e+000 2.114155e+000 -3.611882e+000 1.725206e+000 -2.315971e+000 -2.453432e+000 1.195440e+000 -1.240196e+000 1.663390e-001 -2.286502e+000 -2.160266e+000 -2.028687e+000 -6.491938e-001 1.621554e+000 -6.284977e-001 -6.844668e-001 9.304555e-001 5.271744e-002 1.051583e-001 -1.647705e-002 1.278264e+000 3.051967e+000
<VARIANCE> 25
 3.803183e+001 5.087505e+001 5.889997e+001 3.161699e+001 6.129215e+001 4.764568e+001 3.915931e+001 3.705303e+001 4.024483e+001 2.953235e+001 2.482076e+001 2.688848e+001 2.109184e+000 3.791817e+000 5.823909e+000 4.131771e+000 6.317342e+000 5.167019e+000 4.371144e+000 5.048998e+000 4.745613e+000 3.473223e+000 3.383865e+000 2.953009e+000 5.152837e+000
<GCONST> 1.084709e+002
<STATE> 4
<MEAN> 25
 4.893123e-001 -4.990072e-001 6.740836e-001 1.982633e+000 8.762512e-002 -7.042123e+000 -2.682781e+000 1.562717e+000 -2.463536e+000 2.698048e+000 1.251889e+000 1.974755e+000 2.317284e-001 -1.054335e+000 4.033292e-001 -2.097392e+000 -2.533729e+000 -6.334725e-002 -1.352180e+000 1.368293e+000 2.912207e-001 3.330462e-001 1.025679e+000 -5.864431e-001 2.883422e+000
<VARIANCE> 25
 2.377121e+001 3.178983e+001 7.289424e+001 3.400970e+001 7.917525e+001 5.872415e+001 5.566706e+001 4.698227e+001 4.221058e+001 3.181849e+001 3.328898e+001 2.357030e+001 2.761029e+000 3.631626e+000 5.972519e+000 3.732565e+000 6.867163e+000 4.631980e+000 4.303498e+000 6.313291e+000 6.404091e+000 3.929082e+000 4.149126e+000 3.361874e+000 3.975889e+000
<GCONST> 1.099842e+002
<TRANSP> 5
 0.000000e+000 1.000000e+000 0.000000e+000 0.000000e+000 0.000000e+000
 0.000000e+000 7.307725e-001 2.692275e-001 0.000000e+000 0.000000e+000
 0.000000e+000 0.000000e+000 5.732349e-001 4.267651e-001 0.000000e+000
 0.000000e+000 0.000000e+000 0.000000e+000 5.223362e-001 4.776638e-001
 0.000000e+000 0.000000e+000 0.000000e+000 0.000000e+000 0.000000e+000
<ENDHMM>
~h "h"
<BEGINHMM>
<NUMSTATES> 5
<STATE> 2
<MEAN> 25
 2.071841e+000 -2.204979e+000 -1.904399e+000 4.361035e-001 5.664855e+000 4.308528e+000 3.341175e+000 2.879253e+000 1.082919e+000 -2.873931e-001 -2.678550e+000 2.682379e-001 -1.096637e+000 3.951626e-001 3.961263e-002 1.601580e+000 2.035431e+000 4.932087e-001 1.691169e+000 9.952550e-002 5.469245e-001 -3.757045e-001 -4.974313e-002 8.702803e-001 -1.240327e+000
<VARIANCE> 25
 1.708115e+001 3.244055e+001 4.198853e+001 3.907536e+001 5.169310e+001 6.033838e+001 4.770329e+001 4.975988e+001 3.902530e+001 3.897208e+001 4.358008e+001 3.853236e+001 1.584048e+000 3.209550e+000 3.092736e+000 3.502408e+000 3.546194e+000 3.619930e+000 4.597872e+000 4.133491e+000 3.538989e+000 3.060755e+000 3.303134e+000 3.125051e+000 1.931825e+000
<GCONST> 1.051188e+002
<STATE> 3
<MEAN> 25
 -1.489018e+000 -3.433062e+000 -1.900996e+000 3.471916e+000 9.068982e+000 4.309998e+000 6.735296e+000 4.114384e+000 2.457321e+000 -1.057613e+000 -2.458481e+000 1.605619e+000 -5.800847e-001 -1.808664e-001 -3.128447e-001 -2.742877e-002 -1.099906e-002 -2.182394e-001 3.729387e-002 -1.267269e-001 9.334882e-002 -3.415835e-002 2.203326e-001 1.204123e-001 -1.074799e+000
<VARIANCE> 25
 1.964679e+001 2.876274e+001 3.376693e+001 3.486613e+001 5.430868e+001 4.791777e+001 5.372755e+001 4.417852e+001 3.880569e+001 3.807706e+001 3.427594e+001 3.260764e+001 1.564410e+000 2.326898e+000 2.568311e+000 2.481526e+000 2.903443e+000 2.986071e+000 3.112100e+000 3.301274e+000 2.748532e+000 2.522209e+000 2.509910e+000 2.104602e+000 2.851321e+000
<GCONST> 1.015904e+002
<STATE> 4
<MEAN> 25
 -2.984831e+000 -6.047800e+000 -6.189160e+000 -1.968346e-001 7.190318e+000 3.632705e+000 3.574293e+000 1.235598e+000 2.521730e+000 -1.555788e+000 -1.331132e+000 8.427104e-001 3.668802e-001 2.371382e-001 1.453158e-002 -2.336246e-001 -5.365996e-001 -1.325299e-001 -2.412279e-001 -2.262742e-001 -1.854145e-001 2.301049e-002 -3.381925e-002 -2.253376e-001 -8.463056e-002
<VARIANCE> 25
 3.154825e+001 4.517021e+001 3.666548e+001 3.046330e+001 3.953960e+001 4.537319e+001 4.031383e+001 3.498696e+001 3.146739e+001 3.049385e+001 2.783802e+001 2.778375e+001 2.087394e+000 2.563604e+000 1.991523e+000 1.938966e+000 2.307498e+000 2.379624e+000 2.469732e+000 2.337696e+000 2.173656e+000 2.051291e+000 1.924692e+000 1.949029e+000 3.245101e+000
<GCONST> 9.896735e+001
<TRANSP> 5
 0.000000e+000 1.000000e+000 0.000000e+000 0.000000e+000 0.000000e+000
 0.000000e+000 4.718531e-001 5.281469e-001 0.000000e+000 0.000000e+000
 0.000000e+000 0.000000e+000 5.773079e-001 4.226921e-001 0.000000e+000
 0.000000e+000 0.000000e+000 0.000000e+000 7.540507e-001 2.459494e-001
 0.000000e+000 0.000000e+000 0.000000e+000 0.000000e+000 0.000000e+000
<ENDHMM>
~h "i"
<BEGINHMM>
<NUMSTATES> 5
<STATE> 2
<MEAN> 25
 -3.539329e-001 1.328364e+000 1.289684e+001 2.289987e+000 -8.373003e+000 -5.537612e+000 -3.121203e+000 -2.289138e+000 -6.934558e+000 -2.038439e+000 3.301918e+000 9.263812e-001 6.725785e-001 -4.559151e-002 2.926682e+000 -5.570684e-001 -2.776222e+000 2.738809e-001 -1.588456e+000 -3.193583e-001 -1.977009e+000 -1.329380e-001 1.120721e+000 -3.254154e-001 1.719604e+000
<VARIANCE> 25
 2.701177e+001 3.335167e+001 4.800747e+001 3.660412e+001 4.522418e+001 4.104902e+001 4.942934e+001 5.332945e+001 4.632740e+001 3.428446e+001 2.827887e+001 2.711975e+001 5.262867e+000 3.031985e+000 4.887744e+000 4.585501e+000 4.406438e+000 4.795387e+000 5.934362e+000 6.021492e+000 6.168985e+000 4.692972e+000 3.071942e+000 3.309994e+000 4.103256e+000
<GCONST> 1.092410e+002
<STATE> 3
<MEAN> 25
 2.208526e-001 2.080323e+000 1.829852e+001 -7.236038e-001 -1.297973e+001 -2.357941e+000 -6.561351e+000 -3.646951e+000 -9.803353e+000 -1.216286e+000 4.832636e+000 -2.891091e-001 7.627083e-002 3.992964e-002 5.811591e-003 -1.491923e-001 -1.825262e-001 8.286294e-002 -2.826676e-002 1.691901e-002 -6.057249e-003 1.862766e-001 4.783463e-002 -2.220426e-002 -2.955189e-002
<VARIANCE> 25
 1.124460e+001 2.579302e+001 3.388868e+001 4.124832e+001 2.628778e+001 4.102142e+001 2.928385e+001 5.382410e+001 4.347359e+001 4.601627e+001 2.975245e+001 3.254428e+001 4.919085e-001 1.080917e+000 1.386711e+000 1.249520e+000 1.483779e+000 1.761398e+000 1.618012e+000 2.099673e+000 1.608531e+000 1.429960e+000 1.189429e+000 1.076352e+000 7.652869e-001
<GCONST> 9.059647e+001
<STATE> 4
<MEAN> 25
 1.203666e+000 2.975110e+000 1.333597e+001 1.738432e+000 -9.104199e+000 -4.466782e+000 -2.309370e+000 -2.493865e+000 -6.295125e+000 -6.837534e-001 3.147495e+000 6.365541e-001 2.191865e-001 4.189402e-001 -1.761537e+000 6.987461e-001 1.664220e+000 -2.195326e-001 1.022859e+000 2.116682e-001 1.261496e+000 -2.037343e-002 -7.260284e-001 1.793796e-001 -1.969719e+000
<VARIANCE> 25
 1.709303e+001 3.356302e+001 3.573354e+001 3.586045e+001 4.410477e+001 5.287922e+001 4.533968e+001 5.269040e+001 4.419404e+001 3.957777e+001 3.352083e+001 3.043248e+001 2.047130e+000 2.677814e+000 2.459981e+000 2.852995e+000 3.423272e+000 3.543440e+000 3.983613e+000 4.575838e+000 4.072450e+000 3.243195e+000 2.666425e+000 2.318118e+000 3.869751e+000
<GCONST> 1.041866e+002
<TRANSP> 5
 0.000000e+000 1.000000e+000 0.000000e+000 0.000000e+000 0.000000e+000
 0.000000e+000 6.212828e-001 3.787172e-001 0.000000e+000 0.000000e+000
 0.000000e+000 0.000000e+000 7.839857e-001 2.160143e-001 0.000000e+000
 0.000000e+000 0.000000e+000 0.000000e+000 7.471722e-001 2.528278e-001
 0.000000e+000 0.000000e+000 0.000000e+000 0.000000e+000 0.000000e+000
<ENDHMM>
~h "j"
<BEGINHMM>
<NUMSTATES> 5
<STATE> 2
<MEAN> 25
 4.359098e+000 8.430814e+000 9.565706e+000 6.012726e+000 -1.744473e+000 -3.960457e+000 -5.417789e-002 1.000996e+000 -1.089283e+000 -3.258237e+000 3.217221e-001 1.584107e+000 -3.091354e-001 1.457983e+000 2.945211e-001 3.719950e-001 9.075082e-001 1.367660e-001 1.083674e+000 -1.596620e-002 5.638557e-001 -3.851994e-002 -2.181255e-001 -3.944807e-002 -1.455848e+000
<VARIANCE> 25
 2.635836e+001 3.827919e+001 3.279782e+001 2.486431e+001 3.587135e+001 4.492879e+001 4.467202e+001 3.833459e+001 4.020848e+001 2.886137e+001 2.477590e+001 2.269231e+001 4.710443e+000 2.774939e+000 2.991915e+000 2.715863e+000 3.268113e+000 2.972952e+000 3.618199e+000 3.702317e+000 3.730473e+000 2.799090e+000 2.283651e+000 2.191472e+000 6.053495e+000
<GCONST> 1.030776e+002
<STATE> 3
<MEAN> 25
 -7.546848e+000 8.836558e+000 6.699330e+000 3.818721e+000 2.720610e+000 -3.204463e+000 2.428193e+000 -1.411761e+000 -6.229596e-001 -1.925972e+000 1.628967e+000 3.528499e+000 -1.278177e+000 -1.374739e+000 4.086631e-001 -6.347095e-001 -1.327568e+000 -9.621963e-001 -1.156739e+000 -3.658775e-001 -5.698625e-001 -1.653187e-001 7.720263e-001 8.848777e-001 3.464290e+000
<VARIANCE> 25
 4.794868e+001 3.903257e+001 4.430203e+001 2.625707e+001 3.753781e+001 4.635035e+001 3.611494e+001 2.734058e+001 2.444632e+001 2.203903e+001 1.857517e+001 1.725564e+001 1.167753e+001 3.491449e+000 5.066689e+000 3.669116e+000 7.882771e+000 4.116487e+000 4.163179e+000 4.170538e+000 3.677006e+000 2.521433e+000 2.123453e+000 2.140867e+000 3.045370e+000
<GCONST> 1.047758e+002
<STATE> 4
<MEAN> 25
 4.570495e-001 -3.619773e-001 1.044674e+001 4.654731e-001 -9.756501e+000 -8.532244e+000 -6.238951e+000 2.658742e+000 -1.160668e+000 -2.696045e+000 4.738993e+000 5.048889e+000 2.385109e+000 -2.902623e+000 -1.072175e+000 -1.389031e+000 -1.659412e+000 3.541860e-001 -1.610057e+000 2.337255e+000 1.123414e+000 7.800991e-001 -2.591568e-001 -1.268471e+000 1.501718e+000
<VARIANCE> 25
 1.216910e+001 2.787369e+001 2.593292e+001 3.507967e+001 2.465246e+001 2.022979e+001 3.349129e+001 5.416092e+001 4.658260e+001 2.274403e+001 1.976627e+001 1.855410e+001 2.552847e+000 2.643006e+000 4.861116e+000 2.351568e+000 5.989841e+000 3.452509e+000 6.163802e+000 6.529889e+000 5.547844e+000 2.951628e+000 3.631169e+000 2.511557e+000 1.198388e+000
<GCONST> 1.014290e+002
<TRANSP> 5
 0.000000e+000 1.000000e+000 0.000000e+000 0.000000e+000 0.000000e+000
 0.000000e+000 8.021365e-001 1.978635e-001 0.000000e+000 0.000000e+000
 0.000000e+000 0.000000e+000 7.692508e-001 2.307492e-001 0.000000e+000
 0.000000e+000 0.000000e+000 0.000000e+000 6.018508e-001 3.981492e-001
 0.000000e+000 0.000000e+000 0.000000e+000 0.000000e+000 0.000000e+000
<ENDHMM>
~h "k"
<BEGINHMM>
<NUMSTATES> 5
<STATE> 2
<MEAN> 25
 2.838442e-001 2.950850e+000 -1.160906e+000 7.358255e-001 5.950328e-001 -2.809869e+000 1.562722e+000 -9.428397e-001 2.875602e-001 8.793781e-001 -3.056662e-001 1.277370e-001 -1.061555e+000 -7.461859e-002 -6.816803e-001 3.832852e-001 4.181091e-001 -1.861407e-001 3.734507e-001 -7.878770e-003 3.906556e-001 -2.261452e-001 -6.371480e-002 5.051837e-001 -1.569444e+000
<VARIANCE> 25
 3.190866e+001 3.386471e+001 4.558659e+001 3.791056e+001 4.894008e+001 4.827513e+001 4.422528e+001 5.014481e+001 4.442498e+001 3.637495e+001 3.268510e+001 2.914091e+001 2.298102e+000 3.578488e+000 3.388450e+000 3.121707e+000 4.268184e+000 3.858605e+000 3.677568e+000 3.779509e+000 3.718786e+000 3.085751e+000 2.632784e+000 2.244633e+000 7.986723e+000
<GCONST> 1.062992e+002
<STATE> 3
<MEAN> 25
 -5.191673e+000 -2.357962e+000 -6.466345e+000 1.196512e+000 4.610815e+000 -4.130167e+000 1.366982e+000 3.109684e-001 8.242453e-001 1.657028e+000 -9.714086e-001 2.913860e+000 -8.584176e-001 -2.195055e+000 -2.210121e+000 -9.443418e-001 1.379984e+000 -8.877493e-001 -9.912056e-001 7.921473e-001 -9.540907e-002 8.990982e-001 -5.100226e-001 2.922462e-001 4.693155e+000
<VARIANCE> 25
 2.626822e+001 5.745477e+001 6.014835e+001 4.468122e+001 5.181591e+001 4.964194e+001 4.496014e+001 4.003002e+001 3.768798e+001 3.178262e+001 2.453600e+001 2.482479e+001 3.396634e+000 4.589064e+000 5.837216e+000 5.305580e+000 5.706739e+000 5.332305e+000 4.792078e+000 4.571933e+000 4.391214e+000 3.564220e+000 3.526846e+000 3.156244e+000 8.451369e+000
<GCONST> 1.099873e+002
<STATE> 4
<MEAN> 25
 -3.557242e+000 -2.572889e+000 -7.899103e+000 -2.354664e+000 4.525769e+000 -4.803030e+000 -5.841669e-001 1.913043e+000 3.764023e-001 3.012691e+000 -2.083667e+000 7.234181e-001 1.998760e+000 6.309670e-001 1.628776e+000 -9.224226e-001 -1.697871e+000 6.567793e-001 -4.002510e-001 4.497489e-001 -3.111057e-001 -3.515014e-001 2.996306e-001 -1.438283e+000 2.632633e+000
<VARIANCE> 25
 3.753128e+001 3.574874e+001 6.154404e+001 5.116990e+001 5.391360e+001 6.120173e+001 4.740864e+001 4.553943e+001 4.360633e+001 3.256987e+001 3.193484e+001 3.459204e+001 4.281439e+000 4.534151e+000 5.031260e+000 5.685517e+000 5.395273e+000 5.309936e+000 5.035664e+000 5.462938e+000 4.800471e+000 3.494547e+000 3.807428e+000 3.827355e+000 7.108612e+000
<GCONST> 1.116979e+002
<TRANSP> 5
 0.000000e+000 1.000000e+000 0.000000e+000 0.000000e+000 0.000000e+000
 0.000000e+000 7.228446e-001 2.771554e-001 0.000000e+000 0.000000e+000
 0.000000e+000 0.000000e+000 5.660058e-001 4.339943e-001 0.000000e+000
 0.000000e+000 0.000000e+000 0.000000e+000 5.387815e-001 4.612186e-001
 0.000000e+000 0.000000e+000 0.000000e+000 0.000000e+000 0.000000e+000
<ENDHMM>
~h "l"
<BEGINHMM>
<NUMSTATES> 5
<STATE> 2
<MEAN> 25
 6.301813e+000 -4.288950e+000 1.307357e+000 -5.333885e+000 -1.913831e+000 1.358619e+000 -8.251275e+000 -4.186952e+000 2.832137e+000 4.264250e+000 1.197106e+000 -2.404653e+000 6.158387e-001 2.032405e-001 6.890441e-001 -6.511256e-001 8.287957e-001 1.474685e-002 -1.468083e+000 -1.464953e+000 -2.658915e-002 1.097747e+000 3.423800e-001 -3.096919e-001 -3.078263e-001
<VARIANCE> 25
 1.605065e+001 2.580427e+001 4.706329e+001 6.209507e+001 5.079435e+001 6.253648e+001 6.815230e+001 9.290912e+001 5.313921e+001 4.613873e+001 4.289060e+001 3.802700e+001 1.207179e+000 1.870691e+000 2.748572e+000 4.604669e+000 5.021911e+000 5.687842e+000 4.851124e+000 5.734436e+000 4.444980e+000 3.965016e+000 4.268659e+000 3.134071e+000 1.761768e+000
<GCONST> 1.080316e+002
<STATE> 3
<MEAN> 25
 7.573347e+000 -3.900092e+000 1.980732e+000 -8.436427e+000 -9.958562e-001 3.395271e+000 -1.035484e+001 -6.113514e+000 2.288083e+000 6.324368e+000 2.605155e+000 -3.382115e+000 -1.607442e-002 2.029962e-001 2.396721e-002 -1.841449e-001 2.774908e-001 7.573614e-003 -2.184671e-001 -4.459748e-002 -7.629640e-002 -6.545381e-003 6.461935e-002 5.813669e-002 -1.515225e-001
<VARIANCE> 25
 9.990582e+000 2.033399e+001 4.304740e+001 6.667663e+001 4.883235e+001 5.286794e+001 6.583163e+001 7.286901e+001 5.278312e+001 4.447094e+001 4.016845e+001 3.616695e+001 3.757135e-001 9.104698e-001 1.709601e+000 2.317584e+000 1.631266e+000 2.293646e+000 2.317897e+000 3.049064e+000 2.271234e+000 2.143565e+000 2.051848e+000 1.582597e+000 6.683695e-001
<GCONST> 9.653398e+001
<STATE> 4
<MEAN> 25
 6.039437e+000 -2.327773e+000 1.029127e+000 -6.167384e+000 5.419509e-001 2.084398e+000 -7.893080e+000 -4.079393e+000 1.811412e+000 4.187923e+000 7.684342e-001 -2.347589e+000 -6.005123e-001 -1.477413e-001 -5.393319e-001 7.383308e-001 -2.352153e-001 -1.547735e-001 1.183459e+000 1.241111e+000 2.042144e-001 -9.068185e-001 -7.532283e-001 1.460308e-001 -1.506176e-001
<VARIANCE> 25
 1.602701e+001 3.096319e+001 6.185161e+001 7.166860e+001 5.873998e+001 5.851966e+001 8.604578e+001 7.643748e+001 5.753502e+001 5.128318e+001 4.827838e+001 3.936075e+001 1.088835e+000 2.825565e+000 3.222580e+000 4.781267e+000 4.394020e+000 5.003388e+000 4.868254e+000 6.134461e+000 4.730422e+000 4.029064e+000 4.369228e+000 3.179588e+000 3.797397e+000
<GCONST> 1.102831e+002
<TRANSP> 5
 0.000000e+000 1.000000e+000 0.000000e+000 0.000000e+000 0.000000e+000
 0.000000e+000 4.251311e-001 5.748689e-001 0.000000e+000 0.000000e+000
 0.000000e+000 0.000000e+000 6.371971e-001 3.628028e-001 0.000000e+000
 0.000000e+000 0.000000e+000 0.000000e+000 5.153949e-001 4.846051e-001
 0.000000e+000 0.000000e+000 0.000000e+000 0.000000e+000 0.000000e+000
<ENDHMM>
~h "m"
<BEGINHMM>
<NUMSTATES> 5
<STATE> 2
<MEAN> 25
 7.316716e+000 -5.319602e-001 2.176038e+000 5.503979e-001 -7.822719e-001 4.346345e+000 3.900000e-002 -6.687406e+000 -6.689300e+000 8.547192e-001 3.718827e-001 -1.689862e+000 5.438322e-001 1.104058e+000 1.840028e+000 2.014967e+000 2.718539e-001 6.339303e-002 9.522026e-001 -2.841287e+000 -2.791442e+000 -9.874736e-002 -6.332908e-001 7.697273e-001 -5.560130e-001
<VARIANCE> 25
 2.462301e+001 3.441525e+001 3.366205e+001 5.971557e+001 3.589681e+001 4.731741e+001 5.752525e+001 6.153772e+001 5.391031e+001 3.673293e+001 4.303791e+001 3.790477e+001 2.238961e+000 2.408542e+000 3.022823e+000 3.975477e+000 3.153347e+000 3.594610e+000 5.387111e+000 4.784568e+000 5.371812e+000 3.922704e+000 5.376361e+000 3.950525e+000 5.027700e+000
<GCONST> 1.084601e+002
<STATE> 3
<MEAN> 25
 7.773018e+000 7.551995e-001 6.592225e+000 3.301136e+000 -6.269816e-001 5.128527e+000 -1.791324e-002 -1.111188e+001 -1.175244e+001 1.771117e-001 -1.598220e+000 6.468433e-002 -3.256234e-002 1.571463e-001 1.913637e-001 1.465688e-001 5.561734e-002 9.617957e-002 2.068247e-001 -1.836412e-001 -2.560520e-001 -1.793172e-001 -2.019755e-001 1.801828e-001 -3.555120e-002
<VARIANCE> 25
 8.104846e+000 2.052001e+001 2.255464e+001 3.703133e+001 3.544075e+001 5.263290e+001 6.316774e+001 4.418812e+001 3.927035e+001 4.804124e+001 4.685168e+001 3.929829e+001 3.899261e-001 8.901792e-001 8.616263e-001 1.329303e+000 1.324776e+000 1.373240e+000 1.477631e+000 1.665335e+000 1.944060e+000 1.537204e+000 1.812114e+000 1.313672e+000 1.155369e+000
<GCONST> 9.099758e+001
<STATE> 4
<MEAN> 25
 7.566464e+000 1.074420e+000 4.534302e+000 1.663303e+000 -1.193146e+000 4.700907e+000 1.850793e+000 -9.755848e+000 -9.931299e+000 -6.090028e-001 -1.505626e+000 -1.073607e-001 -3.009753e-002 -5.229596e-001 -1.668271e+000 -1.677582e+000 -3.381586e-001 6.745879e-002 -5.760849e-001 2.064758e+000 2.045072e+000 2.376064e-001 8.901708e-001 -9.051143e-001 8.079702e-001
<VARIANCE> 25
 9.880198e+000 2.368521e+001 3.090065e+001 4.469394e+001 3.823258e+001 4.449397e+001 5.663077e+001 4.993722e+001 4.824107e+001 3.675787e+001 4.659518e+001 3.522657e+001 7.801036e-001 2.315477e+000 2.970796e+000 4.375419e+000 2.577407e+000 3.096411e+000 4.135571e+000 3.917947e+000 4.935845e+000 3.263006e+000 3.980594e+000 3.462682e+000 3.404580e+000
<GCONST> 1.035493e+002
<TRANSP> 5
 0.000000e+000 1.000000e+000 0.000000e+000 0.000000e+000 0.000000e+000
 0.000000e+000 6.113326e-001 3.886674e-001 0.000000e+000 0.000000e+000
 0.000000e+000 0.000000e+000 7.497972e-001 2.502027e-001 0.000000e+000
 0.000000e+000 0.000000e+000 0.000000e+000 5.531346e-001 4.468654e-001
 0.000000e+000 0.000000e+000 0.000000e+000 0.000000e+000 0.000000e+000
<ENDHMM>
~h "n"
<BEGINHMM>
<NUMSTATES> 5
<STATE> 2
<MEAN> 25
 7.077733e+000 -3.315127e+000 4.122493e+000 1.778592e+000 -2.893192e+000 -1.980881e+000 -4.240988e+000 -1.555734e+000 -1.647168e-001 2.060590e+000 -4.994899e+000 -3.003070e+000 5.685031e-001 2.160273e+000 1.890340e+000 2.239459e+000 -5.304276e-001 -7.558169e-001 6.527319e-001 -4.261416e+000 -7.222942e-001 9.852363e-001 -6.417500e-001 9.789774e-001 -2.094413e+000
<VARIANCE> 25
 8.501067e+000 3.099081e+001 3.267059e+001 3.791637e+001 3.706187e+001 4.093428e+001 4.752198e+001 1.081690e+002 4.527579e+001 4.257372e+001 3.297681e+001 3.127174e+001 5.998613e-001 1.657438e+000 3.296238e+000 2.328777e+000 3.072459e+000 4.380045e+000 5.409575e+000 5.400776e+000 5.635947e+000 4.946033e+000 4.735263e+000 2.658394e+000 8.198042e-001
<GCONST> 1.026830e+002
<STATE> 3
<MEAN> 25
 7.914597e+000 9.697651e-001 8.360429e+000 5.010219e+000 -4.310436e+000 -2.170276e+000 -2.588756e+000 -9.701982e+000 -2.737279e+000 3.646996e+000 -5.218602e+000 -2.445969e-001 6.149039e-002 5.937382e-001 1.110158e-001 3.197135e-001 2.349417e-002 1.445815e-001 3.192380e-001 -4.878620e-001 -3.570438e-001 2.447348e-002 3.030768e-002 3.219151e-001 -6.085656e-001
<VARIANCE> 25
 7.960223e+000 1.579510e+001 2.016425e+001 2.779134e+001 3.293568e+001 4.196734e+001 5.340445e+001 4.682698e+001 4.209412e+001 4.394518e+001 3.871887e+001 3.157440e+001 3.021195e-001 8.764585e-001 1.018470e+000 9.809107e-001 1.244058e+000 1.360294e+000 1.668828e+000 2.191397e+000 1.726379e+000 1.596274e+000 1.583174e+000 1.313125e+000 5.911801e-001
<GCONST> 8.850993e+001
<STATE> 4
<MEAN> 25
 5.891436e+000 4.056357e+000 6.310438e+000 6.390023e+000 -1.095050e+000 -1.504293e+000 3.401348e-001 -7.710359e+000 -3.043653e+000 1.916596e+000 -5.100781e+000 3.693376e-001 -9.179327e-001 2.095098e-001 -7.488753e-001 -2.761704e-001 9.821795e-001 2.019360e-001 2.097991e-001 1.320348e+000 2.632589e-001 -7.818843e-001 5.105150e-001 -1.919250e-001 -1.129165e+000
<VARIANCE> 25
 1.854344e+001 2.775520e+001 2.562107e+001 3.012757e+001 4.718003e+001 3.453507e+001 5.865146e+001 6.501888e+001 5.082729e+001 4.900767e+001 4.482468e+001 3.302674e+001 1.657752e+000 2.895516e+000 2.438064e+000 2.928377e+000 3.402704e+000 3.278099e+000 4.572080e+000 4.838625e+000 3.937606e+000 3.379791e+000 2.984691e+000 2.538619e+000 4.609664e+000
<GCONST> 1.047864e+002
<TRANSP> 5
 0.000000e+000 1.000000e+000 0.000000e+000 0.000000e+000 0.000000e+000
 0.000000e+000 6.131204e-001 3.868796e-001 0.000000e+000 0.000000e+000
 0.000000e+000 0.000000e+000 7.424327e-001 2.575673e-001 0.000000e+000
 0.000000e+000 0.000000e+000 0.000000e+000 6.514386e-001 3.485614e-001
 0.000000e+000 0.000000e+000 0.000000e+000 0.000000e+000 0.000000e+000
<ENDHMM>
~h "o"
<BEGINHMM>
<NUMSTATES> 5
<STATE> 2
<MEAN> 25
 6.372386e+000 2.102213e-001 -4.968253e+000 -9.726001e+000 -3.492114e+000 6.146119e+000 -4.415040e+000 -2.193469e+000 3.513888e-001 1.769145e+000 3.739801e+000 -3.470958e-001 1.688365e+000 -3.916126e-001 -4.641034e-001 -3.077991e+000 -1.288822e+000 2.545240e+000 -6.928288e-001 1.184850e-001 6.892429e-002 1.826797e-001 1.181662e+000 -4.179872e-001 1.922158e+000
<VARIANCE> 25
 2.343891e+001 3.152279e+001 3.614225e+001 7.575347e+001 4.717807e+001 4.991395e+001 7.096339e+001 5.211483e+001 5.244588e+001 5.098670e+001 3.756931e+001 2.930123e+001 3.857785e+000 2.818936e+000 5.094655e+000 5.461951e+000 6.342224e+000 4.833995e+000 5.232847e+000 6.500549e+000 5.030755e+000 5.067354e+000 3.883186e+000 3.505542e+000 4.079179e+000
<GCONST> 1.112595e+002
<STATE> 3
<MEAN> 25
 8.349566e+000 -7.250012e-001 -5.695782e+000 -1.648144e+001 -5.206828e+000 1.217946e+001 -4.197698e+000 -1.445195e+000 4.084861e-001 7.433736e-002 5.905069e+000 -3.049304e-001 9.219846e-002 -4.355516e-002 -1.275314e-001 -5.816653e-001 2.977765e-002 5.387611e-001 1.818552e-001 1.069340e-001 -6.976613e-002 -1.964931e-001 1.752295e-001 1.120513e-001 8.788101e-002
<VARIANCE> 25
 1.028483e+001 2.565047e+001 2.317085e+001 4.637814e+001 4.204706e+001 3.438400e+001 5.062802e+001 4.738868e+001 4.396168e+001 5.529934e+001 2.768825e+001 3.246350e+001 2.913034e-001 1.001618e+000 8.242278e-001 1.756786e+000 1.329563e+000 1.653649e+000 1.834888e+000 1.728540e+000 1.960223e+000 2.095306e+000 1.409400e+000 1.344756e+000 6.635138e-001
<GCONST> 9.088079e+001
<STATE> 4
<MEAN> 25
 7.642041e+000 5.692561e-001 -5.579077e+000 -1.353190e+001 -3.528710e+000 9.471875e+000 -2.808653e+000 -1.733760e+000 1.951391e-001 9.148498e-001 4.408405e+000 -1.738082e-001 -2.882983e-001 8.623356e-002 3.831084e-001 1.881863e+000 5.934691e-001 -1.309898e+000 2.167439e-001 -1.569810e-001 2.116472e-001 3.613022e-001 -7.964627e-001 -2.367097e-001 -1.277161e+000
<VARIANCE> 25
 1.234663e+001 3.947960e+001 2.539166e+001 5.302588e+001 4.547273e+001 4.091339e+001 6.718221e+001 5.242913e+001 4.779945e+001 5.470798e+001 3.452248e+001 3.797251e+001 9.195203e-001 2.119477e+000 1.716637e+000 3.273028e+000 2.935811e+000 3.094659e+000 3.809361e+000 3.412430e+000 3.390130e+000 3.659945e+000 2.560153e+000 2.417493e+000 3.146770e+000
<GCONST> 1.027366e+002
<TRANSP> 5
 0.000000e+000 1.000000e+000 0.000000e+000 0.000000e+000 0.000000e+000
 0.000000e+000 5.762032e-001 4.237968e-001 0.000000e+000 0.000000e+000
 0.000000e+000 0.000000e+000 7.712278e-001 2.287722e-001 0.000000e+000
 0.000000e+000 0.000000e+000 0.000000e+000 7.518254e-001 2.481746e-001
 0.000000e+000 0.000000e+000 0.000000e+000 0.000000e+000 0.000000e+000
<ENDHMM>
~h "p"
<BEGINHMM>
<NUMSTATES> 5
<STATE> 2
<MEAN> 25
 2.361253e+000 4.872724e+000 -1.504557e+000 4.277407e-001 1.223740e+000 7.861469e-001 2.219594e+000 -3.268435e+000 7.435820e-001 2.096417e-001 2.594523e-001 -3.315627e-001 -1.377858e+000 2.284698e-001 -3.001339e-001 5.424412e-001 1.644680e-001 -6.539844e-001 4.983735e-001 2.697272e-001 4.226017e-001 -2.496452e-001 -8.232562e-002 4.281743e-001 -1.693129e+000
<VARIANCE> 25
 3.359630e+001 2.361534e+001 3.196035e+001 3.696077e+001 2.459790e+001 3.935316e+001 3.084882e+001 3.367469e+001 3.845389e+001 2.771589e+001 2.455723e+001 2.740189e+001 1.564984e+000 2.458819e+000 1.970836e+000 2.456186e+000 2.341624e+000 2.726612e+000 2.631204e+000 2.426914e+000 2.756366e+000 2.286308e+000 2.083838e+000 1.814870e+000 6.859513e+000
<GCONST> 9.873106e+001
<STATE> 3
<MEAN> 25
 -4.377560e+000 2.991668e+000 -1.811708e+000 2.974686e+000 2.204020e+000 -1.209090e+000 3.368809e+000 -1.465403e+000 1.251890e+000 -6.488308e-001 3.656782e-001 1.884299e+000 2.723952e-001 -1.782799e+000 -7.056772e-001 -9.245557e-001 -3.856072e-001 -1.192557e-001 -7.838981e-001 -2.143735e-002 2.848054e-002 -9.099852e-002 6.230685e-001 -1.772477e-002 5.342441e+000
<VARIANCE> 25
 1.891157e+001 2.327028e+001 1.693768e+001 1.930730e+001 2.034911e+001 2.364450e+001 2.762142e+001 2.649948e+001 2.606892e+001 2.167642e+001 1.771236e+001 1.705715e+001 4.457546e+000 2.876309e+000 3.252475e+000 4.382271e+000 2.900778e+000 4.106444e+000 3.149370e+000 3.386051e+000 3.636569e+000 2.863198e+000 2.540167e+000 2.319797e+000 6.389234e+000
<GCONST> 9.866737e+001
<STATE> 4
<MEAN> 25
 1.749747e-001 -1.513999e+000 -4.931653e+000 -2.441610e+000 -3.135433e-002 7.123600e-002 7.753210e-001 -2.636247e+000 9.715812e-001 -4.601797e-001 2.393603e+000 2.936798e-001 2.920991e+000 -2.107640e+000 -7.128069e-001 -3.256482e+000 -1.346723e+000 2.032794e+000 -1.925641e+000 1.715185e-002 -5.130251e-002 2.893006e-001 8.381006e-001 -1.388102e+000 6.727841e+000
<VARIANCE> 25
 4.146106e+001 2.326239e+001 2.186410e+001 6.057793e+001 2.364695e+001 5.400186e+001 2.838219e+001 2.573827e+001 2.717622e+001 2.214696e+001 2.155139e+001 2.142311e+001 3.815621e+000 6.150306e+000 5.149994e+000 7.738254e+000 5.000104e+000 9.147624e+000 5.469673e+000 6.497864e+000 5.385256e+000 4.795874e+000 4.163157e+000 4.288674e+000 7.641963e+000
<GCONST> 1.086900e+002
<TRANSP> 5
 0.000000e+000 1.000000e+000 0.000000e+000 0.000000e+000 0.000000e+000
 0.000000e+000 7.635655e-001 2.364345e-001 0.000000e+000 0.000000e+000
 0.000000e+000 0.000000e+000 4.001058e-001 5.998942e-001 0.000000e+000
 0.000000e+000 0.000000e+000 0.000000e+000 3.810236e-001 6.189764e-001
 0.000000e+000 0.000000e+000 0.000000e+000 0.000000e+000 0.000000e+000
<ENDHMM>
~h "q"
<BEGINHMM>
<NUMSTATES> 5
<STATE> 2
<MEAN> 25
 -1.795237e+000 6.959817e+000 5.357674e+000 6.450713e+000 -2.859781e+000 -5.433603e+000 2.935197e+000 -3.003561e+000 -1.685638e+000 -2.733577e+000 9.756969e-001 3.729139e-001 -9.913384e-001 -4.483220e-001 -2.267596e+000 -1.453857e-001 9.470897e-001 8.183576e-001 5.959764e-002 -5.748360e-001 1.638813e+000 -4.349321e-001 -6.858635e-001 1.114689e+000 -1.053136e+000
<VARIANCE> 25
 6.085825e+000 8.432680e+000 1.806040e+001 6.407967e+000 3.460053e+001 1.717479e+001 1.434368e+001 2.920388e+001 2.538639e+001 8.659150e+000 2.380424e+001 2.167742e+001 3.817235e-001 3.220597e+000 5.797242e+000 1.484688e+000 3.986580e+000 2.753140e+000 2.275207e+000 2.591720e+000 2.863127e+000 2.193687e+000 2.304028e+000 1.962329e+000 5.178098e+000
<GCONST> 9.022005e+001
<STATE> 3
<MEAN> 25
 -5.120459e+000 -1.962552e+000 -1.080812e+001 -1.725357e+000 3.980384e+000 -5.488446e+000 4.491022e+000 -4.224366e+000 -2.442530e+000 1.143836e+000 -2.674361e+000 8.639750e+000 -6.711095e-001 -3.256154e-001 -1.230339e+000 -1.121540e+000 6.119183e-001 8.677432e-001 2.954769e-001 1.755188e-001 -2.595767e-001 -1.588101e-001 -3.843729e-001 1.303536e-001 1.479525e+000
<VARIANCE> 25
 1.206058e+001 4.264822e+001 1.897709e+002 4.572918e+001 4.507155e+001 9.675482e+001 2.321079e+001 2.544678e+001 3.971270e+001 2.935474e+001 2.683805e+001 3.096212e+001 2.190123e+000 5.108288e+000 1.060139e+001 6.756310e+000 7.055134e+000 8.156358e+000 8.101575e-001 3.984759e+000 4.165349e+000 3.401190e+000 2.237185e+000 5.478888e+000 4.529120e+000
<GCONST> 1.083821e+002
<STATE> 4
<MEAN> 25
 -7.814608e+000 2.831192e+000 -5.678253e+000 3.613944e+000 8.250076e-001 1.509116e+000 5.837796e+000 -4.705828e+000 3.804078e+000 -4.101098e+000 -1.699917e+000 1.958217e+000 -5.956937e-002 2.928516e-001 2.474112e-001 1.955520e-003 -3.879430e-003 2.243858e-001 3.426085e-002 1.054640e-001 5.825014e-002 -7.975160e-002 -1.162747e-001 -1.826246e-001 -5.781082e-002
<VARIANCE> 25
 5.986718e+000 1.280613e+001 1.760118e+001 1.213078e+001 1.082769e+001 1.866481e+001 1.327509e+001 1.350185e+001 1.968444e+001 1.122791e+001 1.975702e+001 1.112941e+001 1.585149e+000 1.834890e+000 2.182297e+000 8.358566e-001 1.705336e+000 1.470130e+000 1.407240e+000 1.558966e+000 2.056688e+000 1.718355e+000 1.922180e+000 1.350405e+000 2.446566e+000
<GCONST> 8.342343e+001
<TRANSP> 5
 0.000000e+000 1.000000e+000 0.000000e+000 0.000000e+000 0.000000e+000
 0.000000e+000 7.953051e-001 2.046949e-001 0.000000e+000 0.000000e+000
 0.000000e+000 0.000000e+000 6.960835e-001 3.039165e-001 0.000000e+000
 0.000000e+000 0.000000e+000 0.000000e+000 8.921542e-001 1.078458e-001
 0.000000e+000 0.000000e+000 0.000000e+000 0.000000e+000 0.000000e+000
<ENDHMM>
~h "r"
<BEGINHMM>
<NUMSTATES> 5
<STATE> 2
<MEAN> 25
 5.856573e+000 -5.615645e+000 -3.828455e+000 -1.519820e+000 -3.549257e+000 -1.181783e-001 -5.920060e+000 5.280303e-001 5.667394e+000 2.912171e+000 6.364218e-001 -3.705937e+000 2.856159e-001 2.484936e-001 2.074986e-001 1.803475e+000 -1.556026e-001 -3.471178e-001 -2.422283e-001 -9.287347e-001 7.320443e-001 -2.386503e-001 1.959079e-001 3.319794e-001 -1.163797e+000
<VARIANCE> 25
 1.794965e+001 2.654995e+001 3.982764e+001 4.129374e+001 4.087354e+001 5.116058e+001 6.040906e+001 7.516927e+001 4.744534e+001 4.041597e+001 3.918182e+001 3.381945e+001 2.537115e+000 2.850066e+000 2.789298e+000 5.602681e+000 4.942077e+000 5.369088e+000 5.585542e+000 5.503281e+000 5.329111e+000 5.110678e+000 4.371392e+000 3.407541e+000 3.792314e+000
<GCONST> 1.091031e+002
<STATE> 3
<MEAN> 25
 6.155947e+000 -4.124784e+000 -2.494981e+000 3.119413e+000 -3.311174e+000 -1.182305e+000 -6.101724e+000 -1.465529e+000 6.630875e+000 2.129846e+000 1.182770e+000 -2.317099e+000 -2.823509e-001 4.183206e-001 6.242897e-001 9.882442e-001 4.795693e-001 -5.278494e-001 1.849409e-001 -3.734348e-001 -3.853152e-001 -4.359313e-001 4.815591e-002 7.419291e-001 -1.040803e+000
<VARIANCE> 25
 1.726243e+001 2.246292e+001 3.985341e+001 3.621706e+001 4.562993e+001 4.337980e+001 5.422225e+001 6.035243e+001 4.236941e+001 3.688384e+001 3.171593e+001 2.643153e+001 2.331118e+000 2.481411e+000 2.801732e+000 3.371071e+000 4.472669e+000 4.559688e+000 4.872355e+000 5.119701e+000 4.826298e+000 4.137706e+000 3.563804e+000 3.376640e+000 2.715254e+000
<GCONST> 1.056649e+002
<STATE> 4
<MEAN> 25
 3.396892e+000 -2.654622e+000 -1.714184e+000 3.152179e+000 -1.011438e+000 -1.540207e+000 -2.898737e+000 -1.261239e+000 4.094900e+000 6.396714e-001 4.575969e-001 6.379919e-002 -9.412733e-002 1.127382e-001 3.076186e-001 -1.638002e-001 3.717166e-002 5.114476e-002 1.630915e-001 1.232707e-001 -6.972065e-001 -1.193680e-001 9.714969e-002 2.100443e-001 -3.256201e-001
<VARIANCE> 25
 4.569703e+001 3.305021e+001 6.162982e+001 4.233629e+001 5.063429e+001 4.937391e+001 6.179330e+001 5.741917e+001 4.937053e+001 4.121378e+001 3.692779e+001 2.964594e+001 2.783046e+000 2.478648e+000 2.904404e+000 2.653186e+000 3.679277e+000 3.522529e+000 3.919969e+000 3.664840e+000 3.810198e+000 3.026012e+000 2.622622e+000 2.439879e+000 3.585896e+000
<GCONST> 1.065265e+002
<TRANSP> 5
 0.000000e+000 1.000000e+000 0.000000e+000 0.000000e+000 0.000000e+000
 0.000000e+000 3.553514e-001 6.446486e-001 0.000000e+000 0.000000e+000
 0.000000e+000 0.000000e+000 2.921302e-001 7.078698e-001 0.000000e+000
 0.000000e+000 0.000000e+000 0.000000e+000 6.369703e-001 3.630297e-001
 0.000000e+000 0.000000e+000 0.000000e+000 0.000000e+000 0.000000e+000
<ENDHMM>
~h "s"
<BEGINHMM>
<NUMSTATES> 5
<STATE> 2
<MEAN> 25
 -6.583687e+000 5.668804e+000 -5.161710e-002 2.563593e+000 5.000267e+000 -4.290959e+000 2.179780e+000 1.522412e+000 1.765857e+000 -6.075382e-001 -1.045755e+000 2.145508e+000 -4.472668e+000 1.690956e+000 -9.274910e-001 6.891611e-001 1.497350e+000 -4.394223e-001 1.568726e+000 6.429605e-001 5.310152e-001 -4.672231e-001 6.942337e-001 7.159104e-001 -4.887877e-001
<VARIANCE> 25
 6.469980e+001 4.178493e+001 4.211277e+001 3.626893e+001 4.213411e+001 3.992731e+001 6.593201e+001 4.707436e+001 4.313856e+001 3.188666e+001 3.341455e+001 2.568651e+001 3.281522e+000 5.752131e+000 3.948072e+000 4.431699e+000 4.790131e+000 4.207899e+000 5.801933e+000 5.091405e+000 4.173535e+000 3.665119e+000 3.457671e+000 2.683465e+000 3.133320e+000
<GCONST> 1.089170e+002
<STATE> 3
<MEAN> 25
 -2.126042e+001 5.143592e+000 -5.543781e+000 1.559895e+000 6.459097e+000 -4.169683e+000 4.858650e+000 2.898971e+000 3.034967e+000 -1.158649e-001 2.001100e+000 4.348593e+000 -6.069206e-001 -5.654972e-001 -4.593450e-001 -2.377336e-001 -1.616363e-001 2.476308e-002 2.643216e-002 6.972338e-002 1.381252e-001 1.297831e-001 1.631914e-001 1.488871e-001 -2.395309e-001
<VARIANCE> 25
 1.312749e+001 2.385132e+001 3.248229e+001 2.962339e+001 2.701960e+001 2.753303e+001 4.726735e+001 3.193030e+001 3.209116e+001 2.278720e+001 2.086983e+001 1.979706e+001 2.711026e+000 1.228314e+000 1.692905e+000 1.380544e+000 1.567360e+000 1.632127e+000 1.731521e+000 1.709933e+000 1.738122e+000 1.571183e+000 1.501613e+000 1.289287e+000 9.248652e-001
<GCONST> 9.077646e+001
<STATE> 4
<MEAN> 25
 -1.370115e+001 2.993538e+000 -4.057929e+000 1.243049e+000 4.356849e+000 -4.703668e+000 2.579611e+000 1.810514e+000 3.206658e+000 -3.890454e-001 5.597965e-001 2.671605e+000 4.538378e+000 -1.747091e-001 1.444152e+000 -3.043548e-001 -1.127628e+000 1.911983e-001 -1.726574e+000 -1.024150e+000 -4.232316e-001 -6.270113e-002 -7.912059e-001 -1.238767e+000 2.218332e-001
<VARIANCE> 25
 6.658095e+001 2.817435e+001 3.945120e+001 3.091713e+001 3.222321e+001 3.704431e+001 5.900488e+001 3.811512e+001 3.419392e+001 2.559941e+001 2.583305e+001 2.490520e+001 6.437233e+000 3.903001e+000 4.334649e+000 3.953267e+000 3.502699e+000 3.941430e+000 5.382923e+000 4.624492e+000 4.512797e+000 3.064133e+000 3.043079e+000 2.655599e+000 6.626429e+000
<GCONST> 1.071465e+002
<TRANSP> 5
 0.000000e+000 1.000000e+000 0.000000e+000 0.000000e+000 0.000000e+000
 0.000000e+000 7.188417e-001 2.811584e-001 0.000000e+000 0.000000e+000
 0.000000e+000 0.000000e+000 8.474295e-001 1.525705e-001 0.000000e+000
 0.000000e+000 0.000000e+000 0.000000e+000 6.816221e-001 3.183778e-001
 0.000000e+000 0.000000e+000 0.000000e+000 0.000000e+000 0.000000e+000
<ENDHMM>
~h "t"
<BEGINHMM>
<NUMSTATES> 5
<STATE> 2
<MEAN> 25
 1.396452e+000 3.823494e+000 -1.138122e+000 7.457688e-001 1.032118e+000 -3.283029e+000 -6.371180e-001 -1.386294e+000 3.459299e+000 8.632370e-001 -1.493905e+000 -1.176617e+000 -9.083991e-001 4.352132e-001 -3.217591e-001 3.606193e-001 2.808106e-002 -8.351459e-003 9.061314e-001 -1.175550e-001 7.826366e-002 -3.460127e-001 1.562162e-001 4.143513e-001 -2.530328e+000
<VARIANCE> 25
 2.488941e+001 3.014481e+001 3.947516e+001 3.426404e+001 3.362222e+001 3.561618e+001 4.250961e+001 3.995990e+001 3.986354e+001 3.094159e+001 3.159017e+001 2.560496e+001 1.882126e+000 2.918128e+000 2.056490e+000 2.740597e+000 3.012120e+000 2.655359e+000 3.025766e+000 2.903757e+000 2.651745e+000 2.411642e+000 2.172302e+000 1.915311e+000 6.344151e+000
<GCONST> 1.009296e+002
<STATE> 3
<MEAN> 25
 -4.168473e+000 4.166297e+000 -1.113057e+000 2.819558e+000 1.623254e+000 -2.725978e+000 3.036705e+000 -1.915615e+000 1.837012e+000 -8.183165e-001 -2.532564e-001 1.791279e+000 -1.776037e+000 -1.806279e+000 -7.284024e-001 -8.511214e-001 3.107103e-001 -3.033151e-001 9.581349e-002 3.878565e-001 -7.131748e-002 -1.784376e-001 4.226673e-001 5.159311e-001 3.449609e+000
<VARIANCE> 25
 2.769164e+001 2.470131e+001 2.751919e+001 2.204009e+001 2.483584e+001 2.784438e+001 3.101627e+001 3.138686e+001 3.020627e+001 2.369276e+001 2.240756e+001 2.031772e+001 2.694651e+000 3.021151e+000 3.380516e+000 3.143428e+000 3.217464e+000 3.405415e+000 3.478994e+000 3.432539e+000 3.820103e+000 2.540390e+000 2.786392e+000 2.171106e+000 1.026273e+001
<GCONST> 1.007319e+002
<STATE> 4
<MEAN> 25
 -6.882855e+000 -2.020898e+000 -3.600672e+000 -1.503461e+000 1.674942e+000 -4.530279e+000 9.982697e-001 -3.283456e-001 2.563367e+000 -3.433602e-001 1.591446e-001 1.687759e+000 1.581412e+000 -1.035900e+000 9.193473e-002 -1.533734e+000 -5.827330e-001 3.145415e-002 -2.119615e+000 3.345018e-002 1.380030e-001 3.944821e-001 -1.320225e-001 -1.076254e+000 5.846321e+000
<VARIANCE> 25
 3.078651e+001 2.602894e+001 2.704467e+001 2.996111e+001 2.996717e+001 3.792557e+001 4.246638e+001 3.067951e+001 3.169370e+001 2.587604e+001 2.401359e+001 2.384759e+001 5.067755e+000 4.624018e+000 5.363353e+000 5.393692e+000 4.519300e+000 5.558298e+000 6.016365e+000 6.231156e+000 6.219912e+000 3.967841e+000 4.199921e+000 3.724508e+000 1.172688e+001
<GCONST> 1.083829e+002
<TRANSP> 5
 0.000000e+000 1.000000e+000 0.000000e+000 0.000000e+000 0.000000e+000
 0.000000e+000 7.497016e-001 2.502984e-001 0.000000e+000 0.000000e+000
 0.000000e+000 0.000000e+000 4.937653e-001 5.062348e-001 0.000000e+000
 0.000000e+000 0.000000e+000 0.000000e+000 4.974254e-001 5.025746e-001
 0.000000e+000 0.000000e+000 0.000000e+000 0.000000e+000 0.000000e+000
<ENDHMM>
~h "u"
<BEGINHMM>
<NUMSTATES> 5
<STATE> 2
<MEAN> 25
 6.120363e+000 4.064297e+000 -1.259793e+000 -3.727824e+000 -3.466404e+000 2.428412e+000 -7.316177e+000 -5.350080e+000 -3.768105e+000 -9.923175e-002 3.158458e+000 8.693468e-002 2.133103e+000 9.964907e-001 -1.423198e-003 -2.431381e+000 -1.753066e+000 2.115556e+000 -1.551948e+000 -8.990290e-001 -1.493867e+000 1.124236e-002 1.313985e+000 -6.358948e-002 1.199023e+000
<VARIANCE> 25
 2.151982e+001 3.505083e+001 3.536811e+001 6.581623e+001 4.474048e+001 4.704629e+001 7.335355e+001 6.224084e+001 4.730095e+001 4.368909e+001 3.354427e+001 2.865109e+001 4.182893e+000 3.212295e+000 4.306278e+000 5.243427e+000 5.583800e+000 4.757491e+000 6.474403e+000 7.472146e+000 5.703392e+000 5.441096e+000 3.815603e+000 3.511335e+000 3.837762e+000
<GCONST> 1.111541e+002
<STATE> 3
<MEAN> 25
 9.030804e+000 6.410670e+000 -1.824559e+000 -1.058561e+001 -6.501639e+000 7.948601e+000 -7.827006e+000 -4.293069e+000 -6.336491e+000 -1.856226e+000 5.172025e+000 3.957575e-001 1.644639e-001 1.637528e-001 -8.385816e-002 -6.106967e-001 -1.421341e-001 5.079393e-001 8.644341e-002 7.159286e-002 -2.106993e-001 -1.121457e-001 2.035176e-001 1.651690e-001 -4.096067e-002
<VARIANCE> 25
 1.052591e+001 3.274866e+001 2.541627e+001 5.591403e+001 4.016132e+001 3.841069e+001 5.632832e+001 6.829242e+001 5.117582e+001 5.108357e+001 3.811502e+001 3.437171e+001 4.223151e-001 1.660218e+000 1.039405e+000 2.453665e+000 1.985008e+000 2.174197e+000 2.646633e+000 2.950745e+000 2.574999e+000 2.683943e+000 2.272132e+000 1.890009e+000 1.122646e+000
<GCONST> 9.729657e+001
<STATE> 4
<MEAN> 25
 8.085756e+000 5.124641e+000 -1.638347e+000 -6.825264e+000 -4.072713e+000 6.188866e+000 -6.154285e+000 -5.790284e+000 -4.670280e+000 2.596244e-001 4.320431e+000 5.106978e-001 -4.983788e-001 -4.603193e-001 5.183140e-001 1.943061e+000 9.899985e-001 -1.251314e+000 7.145045e-001 -6.440242e-002 1.127123e+000 5.575877e-001 -8.933417e-001 -3.164547e-001 -1.196367e+000
<VARIANCE> 25
 1.292274e+001 3.927686e+001 3.230658e+001 6.402982e+001 4.813419e+001 4.494076e+001 8.324980e+001 7.095901e+001 5.325140e+001 5.504034e+001 4.408312e+001 3.798773e+001 1.279502e+000 3.003834e+000 2.583187e+000 4.010911e+000 4.209046e+000 4.034136e+000 5.548123e+000 5.345316e+000 4.597399e+000 4.747756e+000 3.972996e+000 3.430236e+000 4.350041e+000
<GCONST> 1.086525e+002
<TRANSP> 5
 0.000000e+000 1.000000e+000 0.000000e+000 0.000000e+000 0.000000e+000
 0.000000e+000 5.261649e-001 4.738350e-001 0.000000e+000 0.000000e+000
 0.000000e+000 0.000000e+000 7.476320e-001 2.523681e-001 0.000000e+000
 0.000000e+000 0.000000e+000 0.000000e+000 6.833383e-001 3.166617e-001
 0.000000e+000 0.000000e+000 0.000000e+000 0.000000e+000 0.000000e+000
<ENDHMM>
~h "w"
<BEGINHMM>
<NUMSTATES> 5
<STATE> 2
<MEAN> 25
 7.867968e+000 8.209438e-001 -2.277122e+000 -7.506248e+000 -2.936620e+000 5.603239e+000 -3.286027e+000 -1.999631e+000 -2.488466e+000 1.152141e+000 3.495731e+000 -9.111744e-001 1.408100e+000 1.213629e+000 7.456130e-003 -1.725164e+000 -1.145208e+000 1.125332e+000 -3.060566e-002 -3.473829e-001 -1.223364e+000 -6.452244e-001 7.336549e-001 7.368572e-001 2.242050e-002
<VARIANCE> 25
 2.458219e+001 5.978904e+001 3.511407e+001 7.983063e+001 4.332342e+001 6.088445e+001 6.230883e+001 5.366772e+001 5.624264e+001 4.789311e+001 4.924564e+001 3.730018e+001 2.349400e+000 2.598137e+000 2.609415e+000 4.320005e+000 4.397419e+000 4.611494e+000 4.163013e+000 4.515039e+000 4.068791e+000 3.692190e+000 3.745272e+000 3.193225e+000 4.377586e+000
<GCONST> 1.094275e+002
<STATE> 3
<MEAN> 25
 1.122685e+001 4.372485e+000 -2.013108e+000 -1.499093e+001 -8.071817e+000 9.622280e+000 -4.113500e+000 -9.730322e-001 -2.665214e+000 -2.976367e+000 4.395607e+000 1.365620e+000 -2.949675e-002 -4.538892e-001 -2.206379e-001 -6.834542e-001 -1.418993e-001 6.071414e-001 -7.235659e-002 -6.804635e-002 1.859187e-001 1.139069e-001 3.990065e-001 1.726038e-001 5.683498e-001
<VARIANCE> 25
 9.414738e+000 3.134370e+001 1.717055e+001 4.480342e+001 4.146563e+001 4.214016e+001 3.513271e+001 4.137880e+001 5.519304e+001 3.380044e+001 2.665381e+001 2.600350e+001 3.986661e-001 2.438976e+000 1.208526e+000 2.585262e+000 2.012150e+000 2.682525e+000 1.918890e+000 1.947574e+000 1.862822e+000 2.496584e+000 2.121319e+000 1.631039e+000 1.807331e+000
<GCONST> 9.458553e+001
<STATE> 4
<MEAN> 25
 8.764064e+000 -3.857595e+000 -5.666464e+000 -1.564132e+001 -3.264297e+000 1.303306e+001 -3.575584e+000 -2.349180e+000 -1.056377e-001 2.864951e+000 6.527189e+000 -2.196861e+000 -8.560092e-001 -1.970796e+000 -5.354742e-001 1.068112e+000 1.574740e+000 -3.912039e-001 -2.889502e-001 2.617035e-001 1.479459e+000 1.105919e+000 -9.348279e-001 -2.061351e+000 1.310935e+000
<VARIANCE> 25
 1.008910e+001 2.925203e+001 2.456354e+001 4.457022e+001 3.413026e+001 3.939022e+001 4.427787e+001 4.234547e+001 4.776633e+001 4.104556e+001 3.226781e+001 3.783023e+001 3.020080e-001 1.304518e+000 1.265372e+000 2.297208e+000 2.004894e+000 2.863682e+000 2.055628e+000 2.184509e+000 2.370776e+000 2.330215e+000 2.626234e+000 2.060260e+000 6.381331e-001
<GCONST> 9.439451e+001
<TRANSP> 5
 0.000000e+000 1.000000e+000 0.000000e+000 0.000000e+000 0.000000e+000
 0.000000e+000 6.903312e-001 3.096688e-001 0.000000e+000 0.000000e+000
 0.000000e+000 0.000000e+000 7.643262e-001 2.356738e-001 0.000000e+000
 0.000000e+000 0.000000e+000 0.000000e+000 6.708603e-001 3.291397e-001
 0.000000e+000 0.000000e+000 0.000000e+000 0.000000e+000 0.000000e+000
<ENDHMM>
~h "y"
<BEGINHMM>
<NUMSTATES> 5
<STATE> 2
<MEAN> 25
 5.086734e-001 -3.989509e-001 1.033483e+001 -1.599949e+000 -7.375937e+000 -4.797096e+000 -3.703115e+000 3.307135e+000 -3.499846e+000 -2.039442e+000 2.783531e+000 1.644872e+000 -1.884776e-002 8.963040e-001 2.602928e+000 -4.168420e-002 -1.214307e+000 -3.065540e-001 -1.218841e+000 -6.243715e-001 -1.549488e+000 -3.624060e-001 1.165159e+000 6.674548e-001 6.362733e-001
<VARIANCE> 25
 2.395188e+001 5.476436e+001 6.087530e+001 3.591814e+001 5.499192e+001 5.034426e+001 4.906435e+001 6.359505e+001 5.961681e+001 4.055190e+001 3.290536e+001 2.872945e+001 2.192040e+000 2.727061e+000 3.864208e+000 2.734440e+000 3.640737e+000 3.347460e+000 3.696502e+000 4.324696e+000 3.855728e+000 3.648074e+000 2.703399e+000 2.450083e+000 4.717564e+000
<GCONST> 1.069334e+002
<STATE> 3
<MEAN> 25
 8.753223e-001 2.469082e-001 1.652528e+001 -8.956364e-001 -1.196674e+001 -4.668443e+000 -7.707250e+000 8.220709e-001 -7.041126e+000 -3.032851e+000 5.998983e+000 3.574273e+000 2.399457e-001 -9.582946e-001 -9.699355e-001 -3.510825e-001 -6.258962e-001 -5.441595e-001 1.575802e-001 9.608358e-001 9.379656e-001 5.636609e-001 1.409796e-001 8.486186e-002 8.986138e-001
<VARIANCE> 25
 9.826299e+000 2.528546e+001 3.796038e+001 3.518988e+001 2.556988e+001 3.875375e+001 2.963603e+001 4.676699e+001 5.339690e+001 5.338976e+001 2.497119e+001 2.870558e+001 5.392718e-001 1.889602e+000 2.833145e+000 1.336331e+000 1.926329e+000 1.636224e+000 1.851060e+000 3.277156e+000 3.022368e+000 1.863497e+000 1.284542e+000 1.266410e+000 1.570910e+000
<GCONST> 9.429013e+001
<STATE> 4
<MEAN> 25
 2.606907e+000 -7.102906e+000 6.378690e+000 -4.893999e+000 -1.094277e+001 -6.671054e+000 -2.995906e+000 1.108014e+001 8.565364e-001 -9.582838e-001 1.917799e+000 6.468618e-001 3.906672e-001 -1.429187e+000 -2.499206e+000 -3.480544e-001 1.602785e+000 9.639040e-001 9.079445e-001 1.380217e+000 1.555357e+000 -5.097992e-001 -1.981744e+000 -1.381265e+000 6.106178e-001
<VARIANCE> 25
 8.048569e+000 1.840770e+001 2.858051e+001 2.196660e+001 2.519754e+001 2.610435e+001 4.418014e+001 4.743489e+001 4.733552e+001 3.011864e+001 3.569444e+001 2.344845e+001 2.839477e-001 9.824850e-001 1.692233e+000 1.012530e+000 1.872966e+000 1.634398e+000 2.158993e+000 3.339633e+000 2.157387e+000 2.651508e+000 1.961302e+000 1.899660e+000 3.910137e-001
<GCONST> 8.999259e+001
<TRANSP> 5
 0.000000e+000 1.000000e+000 0.000000e+000 0.000000e+000 0.000000e+000
 0.000000e+000 7.444215e-001 2.555785e-001 0.000000e+000 0.000000e+000
 0.000000e+000 0.000000e+000 7.493806e-001 2.506194e-001 0.000000e+000
 0.000000e+000 0.000000e+000 0.000000e+000 7.030654e-001 2.969345e-001
 0.000000e+000 0.000000e+000 0.000000e+000 0.000000e+000 0.000000e+000
<ENDHMM>
~h "z"
<BEGINHMM>
<NUMSTATES> 5
<STATE> 2
<MEAN> 25
 -1.316670e+000 8.145095e+000 2.255482e+000 5.097095e+000 1.959385e+000 -6.408617e+000 -2.062486e+000 -1.188602e+000 1.029101e+000 -9.928092e-001 -1.434602e+000 2.083083e+000 -2.066496e+000 2.417695e+000 -6.717566e-001 1.021960e+000 1.534422e+000 -4.190904e-001 1.229516e+000 -1.120146e-001 6.660249e-001 -3.407616e-001 8.638088e-002 5.602402e-001 -6.588511e-001
<VARIANCE> 25
 3.592001e+001 4.179607e+001 4.173206e+001 3.199714e+001 4.165800e+001 3.384834e+001 6.995847e+001 4.590564e+001 3.912399e+001 3.978458e+001 2.928488e+001 2.850205e+001 3.288757e+000 3.650765e+000 2.849730e+000 2.968966e+000 2.980440e+000 3.759360e+000 4.542615e+000 5.668647e+000 3.970189e+000 3.595493e+000 2.806427e+000 2.739905e+000 3.245701e+000
<GCONST> 1.060224e+002
<STATE> 3
<MEAN> 25
 -1.229897e+001 1.296255e+001 4.992909e-001 6.843690e+000 6.906525e+000 -5.110625e+000 1.260907e+000 3.439153e-001 1.060811e+000 -1.015324e-001 3.231755e-002 3.563890e+000 -1.088711e+000 -1.803205e-001 -4.902148e-002 1.078154e-001 3.807182e-001 2.121069e-001 3.989379e-001 1.592389e-001 -6.081119e-002 5.153049e-002 2.314829e-001 2.076405e-001 6.337312e-002
<VARIANCE> 25
 4.603732e+001 2.961909e+001 3.152115e+001 3.478825e+001 2.370916e+001 3.105086e+001 5.234558e+001 3.084126e+001 3.136105e+001 2.679989e+001 1.988444e+001 2.257078e+001 2.006346e+000 1.486491e+000 1.210218e+000 1.100970e+000 1.555479e+000 1.568426e+000 1.487011e+000 1.766172e+000 1.533186e+000 1.281591e+000 1.290241e+000 1.187443e+000 1.226002e+000
<GCONST> 9.153649e+001
<STATE> 4
<MEAN> 25
 -1.132354e+001 7.600857e+000 1.937289e+000 4.491220e+000 4.251877e+000 -4.829736e+000 1.439717e+000 6.014907e-002 1.588090e+000 -4.985471e-001 1.182240e+000 5.013299e+000 2.096136e+000 -1.401735e+000 7.089436e-001 -7.153354e-001 -1.765856e+000 -5.184873e-001 -1.432215e+000 -5.280260e-001 -2.961514e-002 1.274835e-001 -8.153625e-003 -3.000658e-001 1.421721e+000
<VARIANCE> 25
 6.185453e+001 4.123279e+001 6.289935e+001 3.393661e+001 4.003139e+001 5.094572e+001 5.718822e+001 4.092990e+001 3.504431e+001 2.109008e+001 2.001520e+001 1.988036e+001 6.044015e+000 4.714906e+000 3.610443e+000 3.372126e+000 4.326717e+000 3.425771e+000 3.750010e+000 4.792597e+000 3.219161e+000 2.310498e+000 2.146743e+000 2.192142e+000 3.300492e+000
<GCONST> 1.056109e+002
<TRANSP> 5
 0.000000e+000 1.000000e+000 0.000000e+000 0.000000e+000 0.000000e+000
 0.000000e+000 7.279741e-001 2.720259e-001 0.000000e+000 0.000000e+000
 0.000000e+000 0.000000e+000 8.092217e-001 1.907783e-001 0.000000e+000
 0.000000e+000 0.000000e+000 0.000000e+000 7.709240e-001 2.290760e-001
 0.000000e+000 0.000000e+000 0.000000e+000 0.000000e+000 0.000000e+000
<ENDHMM>
~h "ai"
<BEGINHMM>
<NUMSTATES> 5
<STATE> 2
<MEAN> 25
 4.772205e+000 -1.158618e+001 -2.867955e+000 -5.621130e+000 -1.906369e+000 1.219826e+000 -3.686066e+000 8.252853e+000 3.982226e+000 -1.001848e+000 -3.785696e+000 -5.522772e+000 -2.992359e-001 -6.418676e-001 8.747445e-001 1.590914e-001 -8.235814e-001 -1.094193e+000 7.593182e-001 1.803227e+000 -2.236432e-001 -8.874505e-001 -3.696139e-001 5.003045e-001 4.680553e-001
<VARIANCE> 25
 8.336968e+000 1.799030e+001 3.977723e+001 2.167267e+001 4.496002e+001 6.599080e+001 3.348814e+001 4.822381e+001 4.138947e+001 3.839574e+001 3.955479e+001 2.623405e+001 4.688303e-001 1.417850e+000 1.520855e+000 1.776936e+000 2.581210e+000 3.375621e+000 2.284631e+000 3.112574e+000 2.118979e+000 1.981663e+000 2.585303e+000 2.007327e+000 5.894871e-001
<GCONST> 9.468017e+001
<STATE> 3
<MEAN> 25
 3.224901e+000 -8.346057e+000 7.311163e+000 -5.023498e+000 -1.112859e+001 -7.426842e+000 -1.132132e+000 1.188475e+001 -2.133652e+000 1.447152e-001 2.238021e+000 -4.616635e-001 -2.610518e-001 8.937995e-001 1.533755e+000 -2.616800e-002 -1.108526e+000 -4.705027e-001 -1.912565e-001 -9.325864e-001 -1.150893e+000 6.411780e-001 1.210222e+000 5.093784e-001 -4.549989e-001
<VARIANCE> 25
 6.511730e+000 1.507684e+001 3.344810e+001 1.780656e+001 2.542569e+001 3.223911e+001 3.090836e+001 4.001200e+001 4.113010e+001 2.989649e+001 3.953239e+001 2.212745e+001 2.082184e-001 8.074738e-001 1.251300e+000 7.876222e-001 1.494140e+000 1.485197e+000 1.714761e+000 2.185647e+000 1.756559e+000 1.482719e+000 1.773892e+000 1.203685e+000 2.031388e-001
<GCONST> 8.508347e+001
<STATE> 4
<MEAN> 25
 1.854219e+000 -3.872730e-001 1.275223e+001 -2.625144e+000 -1.144533e+001 -6.991475e+000 -2.791602e+000 2.043046e+000 -6.024776e+000 1.588565e+000 4.297851e+000 6.149456e-001 9.219259e-003 9.610215e-001 -4.177545e-001 7.582502e-001 9.696674e-001 2.204253e-001 2.528575e-001 -8.604456e-001 2.232263e-001 -2.742703e-001 -4.430803e-001 4.224168e-002 -1.681950e+000
<VARIANCE> 25
 1.191661e+001 3.198273e+001 3.893047e+001 3.418260e+001 3.814999e+001 4.292663e+001 3.908271e+001 5.712743e+001 4.386613e+001 4.159267e+001 3.656264e+001 2.828126e+001 1.079246e+000 1.793113e+000 2.580900e+000 2.108151e+000 2.842803e+000 2.303116e+000 2.901522e+000 3.110439e+000 3.330461e+000 2.348353e+000 1.979097e+000 1.618672e+000 2.566716e+000
<GCONST> 9.924274e+001
<TRANSP> 5
 0.000000e+000 1.000000e+000 0.000000e+000 0.000000e+000 0.000000e+000
 0.000000e+000 7.490079e-001 2.509921e-001 0.000000e+000 0.000000e+000
 0.000000e+000 0.000000e+000 8.172664e-001 1.827336e-001 0.000000e+000
 0.000000e+000 0.000000e+000 0.000000e+000 8.411077e-001 1.588924e-001
 0.000000e+000 0.000000e+000 0.000000e+000 0.000000e+000 0.000000e+000
<ENDHMM>
~h "au"
<BEGINHMM>
<NUMSTATES> 5
<STATE> 2
<MEAN> 25
 6.564247e+000 -5.083551e+000 -7.385130e+000 -9.469427e+000 -7.584170e-001 1.123918e+001 -5.004524e+000 -2.457737e+000 6.980217e+000 1.325682e+000 6.752996e-001 -7.197508e+000 1.236898e-001 1.500197e-001 -4.249395e-001 -6.252509e-001 2.610305e-002 1.037352e+000 -4.052404e-002 -3.583345e-001 -7.684313e-002 -2.057180e-001 7.069600e-001 -5.118046e-002 3.925853e-002
<VARIANCE> 25
 8.189181e+000 2.287063e+001 1.796369e+001 2.512123e+001 2.588789e+001 3.333207e+001 2.826600e+001 3.634210e+001 2.487082e+001 2.700299e+001 2.748839e+001 1.883847e+001 4.829554e-001 9.669329e-001 8.696692e-001 1.341202e+000 1.464175e+000 2.112201e+000 1.545594e+000 1.890218e+000 1.719909e+000 1.746020e+000 2.461661e+000 1.470353e+000 4.867678e-001
<GCONST> 8.700549e+001
<STATE> 3
<MEAN> 25
 7.847157e+000 -6.472233e-001 -7.176220e+000 -1.649806e+001 -3.574071e+000 1.473497e+001 -4.158846e+000 -2.860847e+000 2.911728e+000 -7.010835e-001 5.782496e+000 -2.309427e+000 3.076282e-001 8.882215e-001 3.049174e-001 -4.315211e-001 -5.381262e-001 -1.109329e-001 -1.322137e-001 1.068490e-001 -7.623296e-001 -2.388482e-001 4.314113e-001 8.542175e-001 -5.811138e-001
<VARIANCE> 25
 8.175357e+000 2.092832e+001 1.583300e+001 2.872822e+001 2.780439e+001 2.307753e+001 3.952679e+001 2.967554e+001 2.783035e+001 3.105039e+001 1.998619e+001 3.287495e+001 1.840185e-001 7.859402e-001 3.889832e-001 9.918455e-001 9.475563e-001 9.335888e-001 1.054593e+000 9.574047e-001 1.130947e+000 1.463951e+000 1.194012e+000 1.396401e+000 2.396788e-001
<GCONST> 8.057796e+001
<STATE> 4
<MEAN> 25
 9.139603e+000 5.333039e+000 -3.355955e+000 -1.235835e+001 -4.989252e+000 8.252861e+000 -5.431235e+000 -1.864616e+000 -3.009589e+000 -5.973315e-001 4.492284e+000 1.400091e-001 -2.072861e-001 3.482290e-001 4.994379e-001 1.722339e+000 4.131410e-001 -1.060553e+000 2.202344e-001 -1.049272e-001 -1.717416e-001 4.211471e-002 -6.040336e-001 2.490626e-002 -1.393658e+000
<VARIANCE> 25
 1.251162e+001 3.366050e+001 2.926429e+001 7.753259e+001 4.469791e+001 4.294219e+001 5.843101e+001 5.512962e+001 4.875438e+001 5.720098e+001 3.892307e+001 3.814143e+001 9.665378e-001 2.298987e+000 1.693744e+000 3.740929e+000 2.960439e+000 3.117059e+000 3.694361e+000 3.272181e+000 3.681507e+000 3.440852e+000 2.745874e+000 2.780007e+000 1.816606e+000
<GCONST> 1.031183e+002
<TRANSP> 5
 0.000000e+000 1.000000e+000 0.000000e+000 0.000000e+000 0.000000e+000
 0.000000e+000 8.254499e-001 1.745501e-001 0.000000e+000 0.000000e+000
 0.000000e+000 0.000000e+000 8.407773e-001 1.592226e-001 0.000000e+000
 0.000000e+000 0.000000e+000 0.000000e+000 8.544955e-001 1.455045e-001
 0.000000e+000 0.000000e+000 0.000000e+000 0.000000e+000 0.000000e+000
<ENDHMM>
~h "kh"
<BEGINHMM>
<NUMSTATES> 5
<STATE> 2
<MEAN> 25
 -3.229291e+000 -1.326787e-002 -3.616950e+000 2.224486e-001 4.950637e+000 -6.818430e-001 2.729262e+000 1.121676e+000 9.240387e-002 1.615052e+000 -2.811815e-001 1.628418e+000 -1.435903e+000 -7.405990e-001 -1.591713e+000 -3.375051e-001 1.309058e+000 -3.642971e-001 3.380614e-002 3.950003e-001 1.657753e-001 1.867558e-001 4.733477e-002 4.463036e-001 6.792755e-001
<VARIANCE> 25
 4.432588e+001 4.205033e+001 5.701908e+001 4.659106e+001 5.979938e+001 6.693407e+001 4.656929e+001 3.697172e+001 5.416947e+001 4.045096e+001 3.996111e+001 3.007948e+001 4.427764e+000 5.325943e+000 5.955172e+000 5.302103e+000 5.764998e+000 5.351615e+000 6.001306e+000 3.952611e+000 5.078010e+000 3.914218e+000 3.878299e+000 3.005864e+000 9.205385e+000
<GCONST> 1.127656e+002
<STATE> 3
<MEAN> 25
 -7.832326e+000 -5.264461e+000 -1.110236e+001 -2.830420e+000 1.026040e+001 1.195424e+000 4.522093e-001 2.474099e+000 3.344073e+000 1.509459e+000 1.236682e+000 1.770380e+000 -2.571537e-001 -3.197325e-001 -2.683986e-001 -1.724761e-001 -3.559894e-002 2.750496e-001 2.785829e-001 1.632908e-002 -1.504037e-002 1.659985e-002 2.401109e-001 3.970616e-002 1.605370e-001
<VARIANCE> 25
 2.011719e+001 3.167409e+001 3.700934e+001 4.901535e+001 4.572370e+001 5.647079e+001 4.208400e+001 3.703201e+001 4.796711e+001 4.007943e+001 3.078522e+001 3.208157e+001 1.233214e+000 1.559868e+000 2.058961e+000 2.101644e+000 2.597143e+000 2.973835e+000 2.511753e+000 2.280075e+000 2.444638e+000 2.476518e+000 1.979215e+000 2.033924e+000 1.690261e+000
<GCONST> 9.919870e+001
<STATE> 4
<MEAN> 25
 -6.283535e+000 -2.709749e+000 -6.108189e+000 -1.874984e+000 4.305165e+000 1.408982e+000 6.383318e+000 1.002293e+000 1.745167e+000 -7.221118e-002 1.120921e+000 2.270284e+000 1.416631e+000 9.364793e-001 1.159850e+000 -5.530839e-002 -1.025017e+000 1.841052e-001 -1.911905e-001 -6.328346e-001 -4.779322e-001 -3.443414e-001 -9.225966e-002 -5.122508e-001 2.159175e-001
<VARIANCE> 25
 5.160921e+001 3.831841e+001 7.218938e+001 4.842061e+001 4.651984e+001 5.343188e+001 4.140395e+001 4.239936e+001 3.862974e+001 3.720184e+001 3.003098e+001 3.493213e+001 4.612545e+000 2.382667e+000 3.531025e+000 3.508282e+000 3.132710e+000 2.922954e+000 3.493932e+000 3.842490e+000 3.014550e+000 2.785252e+000 2.297319e+000 2.016129e+000 2.519084e+000
<GCONST> 1.055205e+002
<TRANSP> 5
 0.000000e+000 1.000000e+000 0.000000e+000 0.000000e+000 0.000000e+000
 0.000000e+000 7.451383e-001 2.548617e-001 0.000000e+000 0.000000e+000
 0.000000e+000 0.000000e+000 8.083254e-001 1.916746e-001 0.000000e+000
 0.000000e+000 0.000000e+000 0.000000e+000 7.648364e-001 2.351636e-001
 0.000000e+000 0.000000e+000 0.000000e+000 0.000000e+000 0.000000e+000
<ENDHMM>
~h "ng"
<BEGINHMM>
<NUMSTATES> 5
<STATE> 2
<MEAN> 25
 7.295867e+000 -1.800172e+000 1.160080e+000 -2.027704e+000 -3.098627e+000 3.139449e+000 -4.186004e-002 -1.762152e+000 -4.923280e+000 4.027505e+000 -2.984203e+000 -4.899446e+000 4.559357e-001 1.207713e+000 1.545310e+000 1.068846e+000 -1.500861e+000 -7.614681e-002 1.565563e+000 -2.559550e+000 -7.615523e-001 5.820965e-001 -1.137109e+000 1.771343e+000 -1.358863e+000
<VARIANCE> 25
 8.248747e+000 2.812708e+001 3.049692e+001 3.448189e+001 4.601650e+001 4.735160e+001 4.815387e+001 5.543163e+001 4.164402e+001 4.090104e+001 3.820829e+001 4.679562e+001 5.418238e-001 1.545063e+000 2.377323e+000 2.527493e+000 3.159052e+000 3.091780e+000 4.394401e+000 3.871502e+000 5.360329e+000 3.144536e+000 4.046042e+000 3.744417e+000 6.348512e-001
<GCONST> 1.006739e+002
<STATE> 3
<MEAN> 25
 7.953384e+000 4.639647e-001 5.828875e+000 -1.170466e+000 -6.550552e+000 3.859135e+000 5.299183e-001 -6.233020e+000 -5.128499e+000 3.318423e+000 -3.792854e+000 -6.943659e-001 3.652864e-002 3.995381e-001 4.170168e-001 3.288461e-001 -1.320496e-001 -1.267985e-001 2.137148e-001 -4.231395e-001 -1.630162e-001 3.317296e-002 -6.970671e-002 3.451747e-001 -4.561726e-001
<VARIANCE> 25
 7.630837e+000 1.807134e+001 2.347063e+001 4.039356e+001 3.333354e+001 3.674163e+001 4.676423e+001 4.059611e+001 3.647717e+001 3.053180e+001 3.452915e+001 3.048012e+001 2.442406e-001 7.451274e-001 1.028462e+000 1.102237e+000 1.322154e+000 1.189454e+000 1.527062e+000 1.451378e+000 1.415971e+000 1.302465e+000 1.276340e+000 1.234583e+000 4.289940e-001
<GCONST> 8.625218e+001
<STATE> 4
<MEAN> 25
 6.622987e+000 3.232125e+000 4.626477e+000 1.402877e+000 -3.253973e+000 2.007863e+000 4.135274e+000 -6.142045e+000 -5.741278e+000 3.064775e+000 -4.808395e+000 1.045931e-001 -7.553638e-001 4.079521e-001 -7.791872e-001 4.633143e-001 1.300729e+000 -3.959218e-001 4.109960e-002 7.610785e-001 3.402419e-001 -4.332144e-001 2.950803e-001 -4.620760e-001 -1.000821e+000
<VARIANCE> 25
 1.316560e+001 2.410995e+001 2.705989e+001 4.253444e+001 5.641285e+001 3.549616e+001 5.096392e+001 5.099868e+001 4.345873e+001 3.878007e+001 4.000867e+001 3.436053e+001 1.250341e+000 2.164169e+000 2.200924e+000 2.986374e+000 3.432977e+000 3.168639e+000 3.428725e+000 4.050805e+000 3.675056e+000 2.852049e+000 2.835437e+000 2.865355e+000 3.671332e+000
<GCONST> 1.025176e+002
<TRANSP> 5
 0.000000e+000 1.000000e+000 0.000000e+000 0.000000e+000 0.000000e+000
 0.000000e+000 5.726981e-001 4.273019e-001 0.000000e+000 0.000000e+000
 0.000000e+000 0.000000e+000 7.504955e-001 2.495045e-001 0.000000e+000
 0.000000e+000 0.000000e+000 0.000000e+000 6.547847e-001 3.452153e-001
 0.000000e+000 0.000000e+000 0.000000e+000 0.000000e+000 0.000000e+000
<ENDHMM>
~h "ny"
<BEGINHMM>
<NUMSTATES> 5
<STATE> 2
<MEAN> 25
 5.484707e+000 4.380268e+000 7.593425e+000 1.813067e+000 -5.249521e+000 -3.010592e+000 -1.845534e+000 -2.582382e+000 -6.856830e+000 -2.179238e+000 2.186289e+000 1.474468e+000 -2.437795e-001 -1.229470e-001 5.549939e-001 -7.318452e-001 -4.716092e-001 2.194574e-001 5.774485e-003 4.459521e-001 -2.366369e-001 -1.994630e-001 3.683057e-001 3.361763e-002 5.505368e-001
<VARIANCE> 25
 1.601122e+001 2.372676e+001 3.015740e+001 5.277258e+001 3.308801e+001 3.507631e+001 3.971164e+001 6.092548e+001 4.391677e+001 4.388381e+001 4.346997e+001 4.361700e+001 2.226825e+000 4.534297e+000 3.101836e+000 5.540968e+000 3.598786e+000 3.223424e+000 4.027388e+000 1.008648e+001 4.471083e+000 3.905628e+000 3.631026e+000 2.769275e+000 3.554369e+000
<GCONST> 1.069667e+002
<STATE> 3
<MEAN> 25
 2.376558e+000 -5.033221e+000 9.013330e+000 -5.109140e+000 -1.006586e+001 -2.004052e+000 -9.388327e-001 9.441115e+000 -3.514117e+000 -4.915542e+000 8.181878e-001 2.776773e-001 1.721881e-001 -2.288849e+000 -1.553454e+000 2.846621e-001 4.223387e-001 1.693681e-001 1.116082e-001 2.019008e+000 1.528412e+000 -8.414728e-001 -1.482187e+000 -4.525361e-001 9.709103e-001
<VARIANCE> 25
 7.513525e+000 1.922614e+001 3.176580e+001 2.617563e+001 3.404742e+001 2.697761e+001 2.704357e+001 3.739205e+001 4.400032e+001 3.411845e+001 2.978873e+001 2.315943e+001 3.405246e-001 1.139716e+000 1.463511e+000 1.363119e+000 2.847511e+000 1.492952e+000 1.991971e+000 2.726626e+000 1.996342e+000 2.468924e+000 1.787089e+000 1.904255e+000 5.056483e-001
<GCONST> 9.025673e+001
<STATE> 4
<MEAN> 25
 3.698529e+000 -9.723475e+000 1.737428e+000 -3.154764e+000 -2.262821e+000 -2.460377e-001 -2.223577e+000 1.133792e+001 -3.229825e-001 -6.648860e+000 -5.253900e+000 -1.536391e+000 2.597775e-001 -4.259886e-001 -1.164349e+000 1.253207e-001 1.286372e+000 4.576295e-001 -3.922118e-001 -3.594949e-001 6.090584e-001 2.222996e-001 -6.633847e-001 -4.997013e-001 -1.859259e-001
<VARIANCE> 25
 6.963947e+000 1.824275e+001 2.524935e+001 1.980330e+001 3.940944e+001 2.414572e+001 2.594751e+001 3.905853e+001 4.679947e+001 3.393110e+001 2.661592e+001 1.767864e+001 2.463852e-001 7.295617e-001 9.047840e-001 7.068570e-001 1.212820e+000 9.133905e-001 1.135531e+000 1.289802e+000 1.203162e+000 1.138004e+000 1.170573e+000 1.178190e+000 3.624757e-001
<GCONST> 8.225110e+001
<TRANSP> 5
 0.000000e+000 1.000000e+000 0.000000e+000 0.000000e+000 0.000000e+000
 0.000000e+000 8.688838e-001 1.311163e-001 0.000000e+000 0.000000e+000
 0.000000e+000 0.000000e+000 6.871327e-001 3.128673e-001 0.000000e+000
 0.000000e+000 0.000000e+000 0.000000e+000 7.139460e-001 2.860539e-001
 0.000000e+000 0.000000e+000 0.000000e+000 0.000000e+000 0.000000e+000
<ENDHMM>
~h "oi"
<BEGINHMM>
<NUMSTATES> 5
<STATE> 2
<MEAN> 25
 8.599937e+000 -2.948725e+000 -7.116827e+000 -1.441167e+001 -6.736730e+000 1.259872e+001 -4.530328e+000 -4.044903e+000 3.038864e+000 9.663187e-001 4.500252e+000 -2.776572e-002 -1.840301e-001 -5.965812e-001 1.559249e-001 -4.581808e-001 4.146137e-002 -1.625103e-001 -7.740135e-001 1.321344e-001 2.285026e-001 9.501534e-001 -2.039500e-002 -9.254606e-001 7.884352e-001
<VARIANCE> 25
 1.038836e+001 3.238589e+001 2.749480e+001 5.182662e+001 3.529936e+001 4.390118e+001 5.305728e+001 3.110880e+001 4.272040e+001 4.007269e+001 3.814301e+001 4.449463e+001 9.136448e-001 1.124919e+000 1.160361e+000 6.047940e+000 3.415648e+000 5.848886e+000 2.805812e+000 2.158092e+000 2.801659e+000 3.542239e+000 2.953450e+000 2.672590e+000 9.583455e-001
<GCONST> 9.975382e+001
<STATE> 3
<MEAN> 25
 4.250408e+000 -7.066064e+000 7.649946e-001 -5.375837e+000 -6.976267e+000 -6.179168e+000 -9.127875e+000 4.854881e+000 2.192851e+000 5.948819e+000 3.761463e-001 -4.003530e+000 -7.534955e-001 1.853095e-001 2.793329e+000 1.750581e+000 -1.975824e+000 -3.123426e+000 5.177577e-001 1.370163e+000 -1.749234e+000 -1.092315e+000 3.274755e-001 1.302676e+000 -2.623706e-001
<VARIANCE> 25
 6.792377e+000 2.393407e+001 5.344287e+001 3.296342e+001 4.042542e+001 6.068478e+001 2.499228e+001 5.654402e+001 3.979693e+001 3.393923e+001 4.289298e+001 4.053108e+001 3.914132e-001 8.510448e-001 1.375259e+000 1.844653e+000 2.104265e+000 3.633495e+000 2.157405e+000 4.286601e+000 4.145767e+000 2.220259e+000 4.571656e+000 2.552806e+000 2.338616e-001
<GCONST> 9.555389e+001
<STATE> 4
<MEAN> 25
 6.521557e-001 5.497705e-001 1.318720e+001 5.604857e-002 -1.142889e+001 -9.337171e+000 -3.780141e+000 -9.819484e-001 -8.148677e+000 9.808130e-001 3.221105e+000 1.363642e-001 -1.276733e-001 6.130474e-001 9.710515e-003 3.800458e-001 6.528390e-001 3.782671e-001 3.655813e-001 -6.227018e-001 4.782576e-003 -2.660153e-001 -3.601681e-001 2.207687e-002 -1.209735e+000
<VARIANCE> 25
 1.398522e+001 3.413076e+001 3.348038e+001 2.909470e+001 4.030245e+001 5.412506e+001 4.720243e+001 9.085670e+001 4.217225e+001 3.055264e+001 3.290556e+001 3.192929e+001 7.709147e-001 1.265191e+000 3.512169e+000 1.444913e+000 2.361521e+000 1.939634e+000 2.387949e+000 3.292607e+000 3.383528e+000 1.860457e+000 1.951276e+000 2.044548e+000 1.116426e+000
<GCONST> 9.768324e+001
<TRANSP> 5
 0.000000e+000 1.000000e+000 0.000000e+000 0.000000e+000 0.000000e+000
 0.000000e+000 9.013717e-001 9.862828e-002 0.000000e+000 0.000000e+000
 0.000000e+000 0.000000e+000 8.075007e-001 1.924993e-001 0.000000e+000
 0.000000e+000 0.000000e+000 0.000000e+000 9.045870e-001 9.541305e-002
 0.000000e+000 0.000000e+000 0.000000e+000 0.000000e+000 0.000000e+000
<ENDHMM>
~h "sp"
<BEGINHMM>
<NUMSTATES> 3
<STATE> 2
~s "silst"
<TRANSP> 3
 0.000000e+000 2.100881e-001 7.899119e-001
 0.000000e+000 9.442148e-001 5.578527e-002
 0.000000e+000 0.000000e+000 0.000000e+000
<ENDHMM>
~h "sy"
<BEGINHMM>
<NUMSTATES> 5
<STATE> 2
<MEAN> 25
 -9.276175e+000 4.396947e+000 3.660393e+000 1.754025e+000 2.879420e+000 -2.688942e+000 3.335262e+000 1.065924e+000 1.194826e+000 -1.998150e+000 -4.195099e-001 3.049973e+000 -4.233731e+000 4.123180e-001 -1.517914e-001 -1.738474e-001 5.555308e-001 3.955628e-001 9.780804e-001 3.381882e-001 6.335364e-001 -2.635320e-001 8.988395e-001 3.880081e-001 2.317785e-001
<VARIANCE> 25
 7.318836e+001 3.410284e+001 4.641124e+001 3.062570e+001 4.417706e+001 4.963023e+001 4.455673e+001 4.094612e+001 3.858231e+001 2.663632e+001 2.674452e+001 2.265011e+001 3.176123e+000 5.258930e+000 4.035005e+000 4.082983e+000 4.942372e+000 4.496152e+000 5.463090e+000 4.039092e+000 3.570626e+000 3.235388e+000 3.403939e+000 2.473097e+000 3.226742e+000
<GCONST> 1.071334e+002
<STATE> 3
<MEAN> 25
 -2.257313e+001 9.758951e-001 1.330917e+000 -2.231192e+000 2.185211e+000 -1.162845e+000 5.015401e+000 1.918490e+000 3.171149e+000 1.521538e-001 3.924977e+000 4.626119e+000 -1.603045e-001 -5.155927e-001 -6.687503e-002 -2.561700e-001 -4.256918e-001 -5.503377e-002 5.657162e-002 -6.080794e-002 1.740871e-001 2.250679e-001 1.639083e-001 1.244126e-001 1.641665e-001
<VARIANCE> 25
 8.483894e+000 2.509108e+001 3.155515e+001 2.000260e+001 4.801046e+001 3.271104e+001 3.536363e+001 3.074384e+001 2.884293e+001 2.028805e+001 1.602520e+001 1.627540e+001 1.557813e+000 9.309122e-001 1.107830e+000 1.165384e+000 1.322357e+000 1.471378e+000 1.443753e+000 1.461671e+000 1.344356e+000 1.459397e+000 1.352904e+000 1.166492e+000 5.846580e-001
<GCONST> 8.667448e+001
<STATE> 4
<MEAN> 25
 -9.921698e+000 2.868848e-001 5.914054e+000 -7.490840e-001 -3.640307e+000 -4.502559e+000 1.323432e+000 7.392706e-001 1.561355e+000 -2.055559e+000 2.161668e+000 3.727494e+000 5.280321e+000 -3.614655e-001 1.149662e+000 1.430734e-001 -1.267406e+000 -1.261569e+000 -2.028511e+000 4.544576e-001 -6.421390e-001 -5.461454e-001 -8.262100e-001 -6.735567e-001 1.263671e+000
<VARIANCE> 25
 9.623890e+001 2.549345e+001 5.324036e+001 2.866673e+001 5.172066e+001 3.865331e+001 5.014085e+001 3.649591e+001 3.610292e+001 2.319525e+001 2.678909e+001 1.503875e+001 3.599399e+000 4.176676e+000 4.700117e+000 3.109502e+000 5.856258e+000 3.306190e+000 4.171857e+000 5.414223e+000 5.008615e+000 3.123889e+000 3.609229e+000 2.354139e+000 1.988385e+000
<GCONST> 1.059744e+002
<TRANSP> 5
 0.000000e+000 1.000000e+000 0.000000e+000 0.000000e+000 0.000000e+000
 0.000000e+000 7.666383e-001 2.333617e-001 0.000000e+000 0.000000e+000
 0.000000e+000 0.000000e+000 8.768064e-001 1.231935e-001 0.000000e+000
 0.000000e+000 0.000000e+000 0.000000e+000 7.400389e-001 2.599611e-001
 0.000000e+000 0.000000e+000 0.000000e+000 0.000000e+000 0.000000e+000
<ENDHMM>
~h "sil"
<BEGINHMM>
<NUMSTATES> 5
<STATE> 2
<MEAN> 25
 -6.135915e+000 1.000726e-001 -1.742969e+000 5.387018e+000 3.812396e+000 -8.813452e-001 5.889701e+000 2.019571e+000 4.187260e-001 -5.550314e-001 5.546839e-001 3.460232e+000 1.636112e-001 -1.479746e-001 -2.235204e-001 -1.284173e-001 -1.643865e-001 -7.679195e-001 -4.563625e-001 -4.136155e-001 -1.621836e-001 -4.135652e-001 -9.457523e-002 3.848690e-001 -1.266570e+000
<VARIANCE> 25
 3.127904e+001 2.710987e+001 2.871954e+001 5.335601e+001 3.846880e+001 6.154926e+001 4.123528e+001 6.864480e+001 3.436353e+001 4.030338e+001 3.130781e+001 3.703628e+001 2.506703e+000 3.031503e+000 2.428414e+000 3.646750e+000 2.903072e+000 5.522077e+000 3.546552e+000 5.680617e+000 2.839100e+000 3.531860e+000 2.668634e+000 2.993582e+000 1.742127e+001
<GCONST> 1.072592e+002
<STATE> 3
~s "silst"
<STATE> 4
<MEAN> 25
 -5.028002e+000 3.616388e+000 -2.448149e+000 3.555393e+000 4.162817e+000 -7.142903e-001 4.812235e+000 8.324535e-001 4.667539e-001 1.120454e-002 6.030253e-001 2.158855e+000 -9.046771e-003 1.201993e-002 3.501366e-003 -2.646612e-003 4.619107e-003 4.667601e-003 2.185457e-003 -3.222010e-003 8.422292e-003 2.391945e-002 2.409461e-003 -1.199863e-002 -9.982386e-003
<VARIANCE> 25
 8.407579e+000 7.867968e+000 9.985816e+000 1.338175e+001 1.407042e+001 1.457688e+001 1.934168e+001 2.266416e+001 1.854306e+001 1.605320e+001 1.476711e+001 1.300905e+001 1.285853e-001 2.786848e-001 4.280286e-001 6.080105e-001 7.993956e-001 9.859813e-001 1.109900e+000 1.227117e+000 1.252968e+000 1.233711e+000 1.165240e+000 1.058231e+000 7.249624e-002
<GCONST> 7.081133e+001
<TRANSP> 5
 0.000000e+000 1.000000e+000 0.000000e+000 0.000000e+000 0.000000e+000
 0.000000e+000 7.643526e-001 1.867348e-001 4.891265e-002 0.000000e+000
 0.000000e+000 0.000000e+000 8.829414e-001 1.170586e-001 0.000000e+000
 0.000000e+000 2.558694e-002 0.000000e+000 9.565389e-001 1.787416e-002
 0.000000e+000 0.000000e+000 0.000000e+000 0.000000e+000 0.000000e+000
<ENDHMM>
