~o
<STREAMINFO> 1 25
<VECSIZE> 25<NULLD><MFCC_D_N_Z_0><DIAGC>
~s "silst"
<MEAN> 25
 -7.085619e+000 7.841197e-001 -3.024057e+000 4.324015e+000 4.436258e+000 -1.998479e+000 5.783604e+000 -3.798290e-001 9.539231e-001 -1.099213e+000 5.284693e-001 3.959617e+000 -3.300933e-002 2.750879e-001 -1.133490e-002 -9.939518e-002 3.177699e-002 1.177928e-001 1.539615e-002 -8.963181e-002 8.893654e-002 1.098642e-001 7.112336e-002 -1.497084e-001 -3.739423e-001
<VARIANCE> 25
 1.645707e+001 2.311582e+001 2.027724e+001 3.149618e+001 2.474595e+001 3.207691e+001 2.748829e+001 3.961393e+001 2.659615e+001 3.062279e+001 2.379077e+001 2.066403e+001 1.078996e+000 1.744580e+000 1.530036e+000 1.944972e+000 1.911058e+000 2.288992e+000 2.100103e+000 2.518181e+000 2.050344e+000 2.245408e+000 1.835538e+000 1.609263e+000 1.402231e+000
<GCONST> 9.272997e+001
~h "@"
<BEGINHMM>
<NUMSTATES> 5
<STATE> 2
<MEAN> 25
 2.470340e+000 -3.223649e-001 -2.980659e-001 -9.649590e-001 -1.228662e+000 -2.328202e+000 -3.230541e+000 -1.403998e+000 3.694762e-001 1.366299e+000 3.856958e-001 -6.429921e-001 2.122086e+000 -1.098211e+000 2.875868e-001 -1.649934e+000 -1.347165e+000 5.177020e-001 -2.138191e+000 9.584476e-001 4.667401e-001 8.624678e-001 5.130593e-001 -1.167570e+000 2.708443e+000
<VARIANCE> 25
 3.846840e+001 3.081379e+001 3.970106e+001 4.719439e+001 4.296042e+001 5.972331e+001 6.079026e+001 4.718224e+001 4.989518e+001 3.107802e+001 3.371729e+001 2.630756e+001 6.805496e+000 3.745211e+000 6.180074e+000 5.778394e+000 5.835383e+000 5.985674e+000 7.418571e+000 8.740937e+000 7.638360e+000 4.660563e+000 4.932807e+000 3.833832e+000 7.304221e+000
<GCONST> 1.135456e+002
<STATE> 3
<MEAN> 25
 5.761830e+000 -4.050073e+000 -5.985232e-002 -4.792451e+000 -3.926561e+000 -2.605164e-001 -8.175336e+000 1.604261e+000 1.476169e+000 3.691858e+000 1.870981e+000 -3.125066e+000 1.084248e+000 -9.519074e-001 2.883366e-001 -8.760458e-001 -8.499478e-001 6.433390e-001 -1.216185e+000 1.044087e+000 3.084419e-001 7.627661e-001 3.246261e-001 -8.474898e-001 1.015130e+000
<VARIANCE> 25
 1.520842e+001 2.752857e+001 4.117912e+001 4.759977e+001 4.317542e+001 7.384362e+001 5.590323e+001 6.102189e+001 5.827334e+001 3.919625e+001 4.399451e+001 3.124547e+001 2.877338e+000 2.274407e+000 3.286993e+000 3.971586e+000 3.982327e+000 4.765308e+000 5.078555e+000 7.180014e+000 5.692428e+000 4.094613e+000 4.057057e+000 2.991697e+000 2.964587e+000
<GCONST> 1.084456e+002
<STATE> 4
<MEAN> 25
 5.160051e+000 -3.623991e+000 2.059751e+000 -3.314303e+000 -5.809568e+000 -1.623560e+000 -7.911107e+000 3.018570e+000 8.685943e-001 3.591745e+000 2.205597e+000 -3.324549e+000 8.001500e-002 3.107346e-001 1.516749e-001 3.754897e-001 1.562274e-001 6.158677e-002 3.639993e-001 -2.714508e-001 -1.531879e-001 -7.360888e-002 -1.320746e-001 8.111338e-002 -6.700870e-001
<VARIANCE> 25
 1.665379e+001 3.135728e+001 4.353596e+001 4.088615e+001 5.067542e+001 6.404268e+001 7.829226e+001 6.622215e+001 5.442138e+001 4.342603e+001 4.166545e+001 3.326820e+001 7.349371e-001 1.515177e+000 1.461609e+000 2.041340e+000 2.272003e+000 2.391893e+000 2.682143e+000 2.986991e+000 2.885971e+000 2.259451e+000 2.183668e+000 1.703643e+000 2.434498e+000
<GCONST> 1.003828e+002
<TRANSP> 5
 0.000000e+000 1.000000e+000 0.000000e+000 0.000000e+000 0.000000e+000
 0.000000e+000 3.569111e-001 6.430889e-001 0.000000e+000 0.000000e+000
 0.000000e+000 0.000000e+000 1.630806e-001 8.369194e-001 0.000000e+000
 0.000000e+000 0.000000e+000 0.000000e+000 7.252169e-001 2.747831e-001
 0.000000e+000 0.000000e+000 0.000000e+000 0.000000e+000 0.000000e+000
<ENDHMM>
~h "a"
<BEGINHMM>
<NUMSTATES> 5
<STATE> 2
<MEAN> 25
 4.610886e+000 -8.059265e+000 -3.536993e+000 -6.489506e+000 -1.421181e+000 2.134766e+000 -3.990015e+000 5.090114e+000 4.256267e+000 1.158764e+000 -2.104669e+000 -5.004940e+000 5.521981e-001 -1.942080e+000 -1.093133e+000 -1.058959e+000 6.516277e-001 1.442481e+000 -1.356730e-001 1.348273e+000 8.438253e-001 -4.823742e-001 -1.192451e+000 -1.433619e+000 1.732707e+000
<VARIANCE> 25
 1.632608e+001 2.681621e+001 3.343966e+001 3.698387e+001 4.850288e+001 6.689965e+001 4.559732e+001 6.927881e+001 4.339240e+001 4.141155e+001 4.234525e+001 3.093739e+001 2.364704e+000 2.470535e+000 2.617848e+000 3.269190e+000 3.875434e+000 3.756620e+000 4.317033e+000 6.098516e+000 3.934452e+000 3.676255e+000 3.807507e+000 2.810363e+000 4.070838e+000
<GCONST> 1.062700e+002
<STATE> 3
<MEAN> 25
 4.889247e+000 -1.155676e+001 -5.429836e+000 -7.516676e+000 1.060866e+000 5.871259e+000 -3.798934e+000 5.530094e+000 5.181311e+000 -8.862374e-001 -4.821108e+000 -7.136271e+000 -3.931219e-002 -2.147636e-001 -1.156532e-001 9.753228e-002 4.730418e-001 1.253729e-001 2.797289e-001 -9.597436e-003 -5.145236e-002 -2.257681e-001 -3.864507e-001 -3.309712e-002 -3.504023e-002
<VARIANCE> 25
 7.819152e+000 1.762243e+001 2.183019e+001 2.164080e+001 3.076005e+001 4.522427e+001 2.923772e+001 5.019510e+001 3.231520e+001 3.487719e+001 3.498468e+001 2.555272e+001 3.723470e-001 9.041854e-001 8.647580e-001 1.142057e+000 1.472350e+000 2.236578e+000 1.666794e+000 2.252351e+000 1.497231e+000 1.700066e+000 1.761193e+000 1.332687e+000 9.565251e-001
<GCONST> 8.853939e+001
<STATE> 4
<MEAN> 25
 3.682791e+000 -8.030925e+000 -5.091488e+000 -4.898412e+000 2.319605e+000 2.691284e+000 -1.246196e+000 4.416376e+000 4.265601e+000 -6.208424e-001 -4.788764e+000 -4.682334e+000 1.032545e-002 9.921509e-001 4.916174e-001 5.952631e-001 -1.528585e-001 -6.021585e-001 6.964658e-002 -2.189625e-001 -3.497379e-001 3.032603e-001 3.340091e-001 3.952514e-001 -1.427892e+000
<VARIANCE> 25
 1.542570e+001 3.058660e+001 2.382926e+001 3.252071e+001 4.063235e+001 4.457241e+001 3.719228e+001 5.173877e+001 3.466655e+001 3.620167e+001 3.369503e+001 3.045688e+001 7.983369e-001 1.637045e+000 1.392203e+000 1.727570e+000 2.019349e+000 2.386908e+000 2.371240e+000 2.866832e+000 2.180214e+000 2.200794e+000 2.018834e+000 1.800442e+000 2.535835e+000
<GCONST> 9.631282e+001
<TRANSP> 5
 0.000000e+000 1.000000e+000 0.000000e+000 0.000000e+000 0.000000e+000
 0.000000e+000 5.310822e-001 4.689178e-001 0.000000e+000 0.000000e+000
 0.000000e+000 0.000000e+000 7.064224e-001 2.935776e-001 0.000000e+000
 0.000000e+000 0.000000e+000 0.000000e+000 7.520877e-001 2.479123e-001
 0.000000e+000 0.000000e+000 0.000000e+000 0.000000e+000 0.000000e+000
<ENDHMM>
~h "b"
<BEGINHMM>
<NUMSTATES> 5
<STATE> 2
<MEAN> 25
 8.934990e+000 7.423614e+000 3.938726e+000 2.725354e+000 1.703716e+000 4.532588e+000 1.276850e+000 -5.807340e+000 -3.584188e+000 -4.890837e-001 5.915890e-001 -1.218076e+000 5.071614e-001 1.431997e+000 3.942726e-001 6.966158e-001 6.946079e-001 3.170637e-001 1.001184e+000 -4.054008e-001 -1.894547e-001 -2.573221e-001 -1.500826e-001 4.527361e-002 -1.433052e+000
<VARIANCE> 25
 3.008179e+001 3.787006e+001 2.519403e+001 3.501803e+001 3.136297e+001 3.241370e+001 4.116438e+001 3.676456e+001 3.969949e+001 2.660124e+001 3.232110e+001 2.432874e+001 2.043296e+000 2.521890e+000 2.270952e+000 2.888115e+000 2.668021e+000 2.794811e+000 3.341876e+000 3.243923e+000 3.316515e+000 2.484910e+000 2.615349e+000 2.023268e+000 5.237961e+000
<GCONST> 1.009875e+002
<STATE> 3
<MEAN> 25
 8.695406e+000 8.532875e+000 3.666804e+000 3.146511e+000 2.462238e+000 4.491921e+000 2.419647e+000 -6.464908e+000 -4.026939e+000 -9.018348e-001 1.762334e+000 6.452268e-002 -1.026253e+000 -2.354804e+000 -1.637464e+000 -1.682435e+000 -5.964386e-001 -7.396837e-001 -1.976577e+000 7.108904e-001 1.345342e+000 7.901406e-001 1.270139e+000 2.490191e-001 3.698606e+000
<VARIANCE> 25
 2.343048e+001 2.956932e+001 2.131219e+001 3.178456e+001 2.852426e+001 3.025807e+001 3.119525e+001 3.030275e+001 3.343315e+001 2.192857e+001 3.181384e+001 2.214790e+001 1.867878e+000 3.547646e+000 3.095247e+000 6.178225e+000 3.956705e+000 3.703078e+000 4.737336e+000 3.882704e+000 5.241976e+000 4.300929e+000 3.944801e+000 3.100217e+000 6.213717e+000
<GCONST> 1.036577e+002
<STATE> 4
<MEAN> 25
 6.157309e+000 1.004082e+000 -1.200265e+000 -2.341798e+000 -9.360526e-001 2.903132e+000 -3.965067e+000 -4.717764e+000 7.730830e-001 2.739571e+000 4.666402e+000 -1.106166e+000 -7.069767e-001 -2.619045e+000 -1.135956e+000 -1.731684e+000 -1.436226e+000 -3.321524e-001 -1.941446e+000 1.298350e+000 1.682399e+000 7.375640e-001 1.011477e-001 -7.524652e-001 3.857113e+000
<VARIANCE> 25
 2.172720e+001 3.778418e+001 3.167412e+001 8.041091e+001 4.012450e+001 4.844954e+001 5.290825e+001 3.269093e+001 3.912349e+001 4.168500e+001 4.311193e+001 2.566754e+001 2.157416e+000 4.311055e+000 4.735984e+000 8.132392e+000 4.473776e+000 6.143144e+000 5.424821e+000 6.616031e+000 8.866027e+000 5.668417e+000 4.727345e+000 5.719817e+000 7.025871e+000
<GCONST> 1.118733e+002
<TRANSP> 5
 0.000000e+000 1.000000e+000 0.000000e+000 0.000000e+000 0.000000e+000
 0.000000e+000 7.789113e-001 2.210887e-001 0.000000e+000 0.000000e+000
 0.000000e+000 0.000000e+000 5.010619e-001 4.989381e-001 0.000000e+000
 0.000000e+000 0.000000e+000 0.000000e+000 3.507225e-001 6.492775e-001
 0.000000e+000 0.000000e+000 0.000000e+000 0.000000e+000 0.000000e+000
<ENDHMM>
~h "c"
<BEGINHMM>
<NUMSTATES> 5
<STATE> 2
<MEAN> 25
 -1.508516e+000 5.361991e+000 1.866921e+000 4.040230e+000 1.142307e+000 -4.575108e+000 1.852562e+000 -7.719235e-002 3.042749e-001 -1.840495e+000 -4.115418e-001 2.486978e+000 -1.546865e+000 1.274672e-001 -7.487706e-001 -2.312961e-001 6.400555e-001 1.216746e-001 5.696731e-001 -2.245371e-001 3.239096e-001 7.922657e-002 1.911472e-001 1.063653e-001 -1.289274e+000
<VARIANCE> 25
 2.749193e+001 3.341615e+001 3.298649e+001 2.243435e+001 3.846267e+001 4.011198e+001 4.351860e+001 4.203072e+001 3.652740e+001 2.738961e+001 2.353321e+001 2.192489e+001 4.023177e+000 4.661149e+000 2.715152e+000 2.920644e+000 3.795464e+000 2.948778e+000 3.397024e+000 3.353960e+000 3.157649e+000 2.723957e+000 2.354399e+000 2.371560e+000 9.642775e+000
<GCONST> 1.033719e+002
<STATE> 3
<MEAN> 25
 -1.604239e+001 1.883806e+000 -3.696473e+000 -1.895748e+000 3.449912e+000 -3.314547e+000 3.854648e+000 -8.528212e-001 1.600133e+000 1.018169e-001 2.392788e+000 4.100197e+000 -1.901614e+000 -5.765654e-001 -1.277691e-001 -1.048219e+000 -5.072322e-001 -3.899837e-001 2.479182e-002 4.453728e-001 2.460610e-001 -5.035820e-002 3.390298e-001 4.764342e-001 3.916940e+000
<VARIANCE> 25
 3.487661e+001 2.252177e+001 2.743514e+001 2.981100e+001 2.564399e+001 3.507599e+001 3.968917e+001 2.901783e+001 2.448614e+001 2.366214e+001 1.670617e+001 1.439624e+001 8.293737e+000 2.338468e+000 4.035384e+000 3.271050e+000 3.178673e+000 3.317371e+000 3.294612e+000 3.344157e+000 2.734318e+000 2.482022e+000 2.339699e+000 1.619760e+000 5.723166e+000
<GCONST> 1.003076e+002
<STATE> 4
<MEAN> 25
 -8.868311e+000 4.885464e-001 1.503105e+000 -1.265906e+000 -1.397170e+000 -5.844563e+000 6.150367e-001 2.467737e+000 2.690207e+000 -2.251941e+000 -8.259438e-003 3.464943e+000 5.278456e+000 -1.411444e+000 1.648998e+000 7.187039e-002 -1.623354e+000 -1.552521e-001 -2.416171e+000 1.066351e+000 2.842164e-001 -2.994134e-001 -1.093126e+000 -1.226987e+000 2.155749e+000
<VARIANCE> 25
 8.763593e+001 2.780364e+001 3.503813e+001 2.966228e+001 2.845126e+001 3.544432e+001 6.391754e+001 3.728834e+001 2.858836e+001 2.507595e+001 2.450226e+001 1.734187e+001 3.808408e+000 5.568752e+000 4.793447e+000 5.359744e+000 3.754897e+000 4.790863e+000 5.389135e+000 7.817168e+000 5.896198e+000 3.990834e+000 3.453924e+000 2.670512e+000 2.309756e+000
<GCONST> 1.071591e+002
<TRANSP> 5
 0.000000e+000 1.000000e+000 0.000000e+000 0.000000e+000 0.000000e+000
 0.000000e+000 8.442139e-001 1.557861e-001 0.000000e+000 0.000000e+000
 0.000000e+000 0.000000e+000 7.352097e-001 2.647903e-001 0.000000e+000
 0.000000e+000 0.000000e+000 0.000000e+000 6.097380e-001 3.902619e-001
 0.000000e+000 0.000000e+000 0.000000e+000 0.000000e+000 0.000000e+000
<ENDHMM>
~h "d"
<BEGINHMM>
<NUMSTATES> 5
<STATE> 2
<MEAN> 25
 5.437678e+000 3.960715e+000 5.529875e+000 6.310229e+000 1.397008e-001 -2.207606e+000 -1.800452e+000 -6.703548e-001 2.011457e+000 -1.477762e+000 -3.385121e+000 -8.392088e-001 5.892147e-001 1.197147e+000 7.750205e-001 1.052771e+000 7.494482e-001 -3.171773e-001 3.473168e-001 -1.667108e-001 3.979366e-001 -2.581722e-001 -4.673290e-001 -7.238960e-002 -1.357634e+000
<VARIANCE> 25
 4.712572e+001 4.868332e+001 4.126227e+001 3.583470e+001 4.160821e+001 3.823251e+001 5.395480e+001 6.563579e+001 4.007287e+001 3.625654e+001 3.431230e+001 2.803570e+001 2.705429e+000 3.493330e+000 2.867249e+000 3.076237e+000 3.660645e+000 2.950508e+000 4.064306e+000 5.171181e+000 3.606931e+000 3.055019e+000 3.169826e+000 2.332041e+000 6.336827e+000
<GCONST> 1.067731e+002
<STATE> 3
<MEAN> 25
 6.078376e+000 4.608095e+000 8.286569e+000 7.379058e+000 1.279655e+000 -3.340443e+000 -1.838025e+000 -3.552765e-001 1.887508e+000 -2.115089e+000 -2.993996e+000 1.546019e-001 -1.677291e+000 -2.629053e+000 -3.066634e-001 -2.102781e+000 -9.779412e-001 -4.947219e-001 -1.048529e+000 1.418503e+000 -4.960544e-001 6.876208e-002 1.582928e+000 1.124786e+000 3.981047e+000
<VARIANCE> 25
 2.953818e+001 4.435791e+001 2.892336e+001 3.522743e+001 3.302575e+001 3.942000e+001 5.067719e+001 4.337111e+001 3.530091e+001 3.242291e+001 3.111419e+001 2.924579e+001 2.186402e+000 3.371990e+000 3.686944e+000 3.615546e+000 5.920267e+000 3.913484e+000 5.774277e+000 7.665195e+000 5.595295e+000 4.005891e+000 3.439018e+000 2.871710e+000 5.627815e+000
<GCONST> 1.074226e+002
<STATE> 4
<MEAN> 25
 2.745911e+000 -2.874315e+000 6.115833e+000 7.284238e-001 -5.238700e+000 -4.580146e+000 -6.023306e+000 3.666192e+000 1.552953e+000 -9.457520e-001 1.620392e+000 2.060461e+000 -5.847682e-001 -1.641435e+000 -7.969852e-001 -1.716990e+000 -1.879124e+000 4.007488e-002 -9.148697e-001 1.293263e+000 2.147033e-001 2.623934e-001 8.034278e-001 -2.323235e-001 3.279300e+000
<VARIANCE> 25
 2.076956e+001 3.477849e+001 4.749375e+001 3.491417e+001 5.888352e+001 4.196960e+001 7.720074e+001 7.057377e+001 5.621733e+001 2.917237e+001 3.086139e+001 2.542565e+001 2.800192e+000 3.548166e+000 5.822438e+000 4.432631e+000 6.294689e+000 4.051527e+000 6.189637e+000 1.000871e+001 8.108950e+000 4.326935e+000 5.555068e+000 3.699479e+000 6.990742e+000
<GCONST> 1.118635e+002
<TRANSP> 5
 0.000000e+000 1.000000e+000 0.000000e+000 0.000000e+000 0.000000e+000
 0.000000e+000 7.726995e-001 2.273005e-001 0.000000e+000 0.000000e+000
 0.000000e+000 0.000000e+000 5.167571e-001 4.832428e-001 0.000000e+000
 0.000000e+000 0.000000e+000 0.000000e+000 3.894436e-001 6.105564e-001
 0.000000e+000 0.000000e+000 0.000000e+000 0.000000e+000 0.000000e+000
<ENDHMM>
~h "e"
<BEGINHMM>
<NUMSTATES> 5
<STATE> 2
<MEAN> 25
 2.455302e+000 -4.487211e+000 3.242772e+000 -3.784052e-001 -5.647973e+000 -5.029510e+000 -2.577950e+000 3.645743e+000 4.147295e-001 4.754321e-001 1.320683e+000 -7.404948e-001 6.069502e-001 -1.599103e+000 1.082274e+000 -8.522810e-001 -1.884675e+000 -4.754939e-001 -4.501486e-001 2.026761e+000 -3.390950e-001 -1.962351e-001 3.245276e-001 -2.470297e-001 2.395535e+000
<VARIANCE> 25
 3.698230e+001 5.027456e+001 5.128788e+001 4.279346e+001 5.294022e+001 4.728625e+001 6.224828e+001 6.912825e+001 5.465801e+001 3.770786e+001 4.052475e+001 3.048938e+001 4.293999e+000 4.075496e+000 3.964888e+000 4.588743e+000 5.662261e+000 4.702494e+000 5.997010e+000 7.685957e+000 6.314536e+000 4.468514e+000 4.503781e+000 3.095197e+000 8.207127e+000
<GCONST> 1.130670e+002
<STATE> 3
<MEAN> 25
 3.803162e+000 -7.184336e+000 6.322495e+000 -2.042655e+000 -1.022076e+001 -5.517426e+000 -3.139115e+000 7.695566e+000 -8.562730e-001 4.512304e-002 3.427605e+000 -1.233735e+000 -1.316908e-001 -3.677072e-002 4.158468e-001 -1.809752e-001 -6.062664e-001 -5.855554e-002 4.491488e-001 3.283113e-001 -3.033615e-001 7.763023e-002 2.677822e-001 -4.549879e-002 1.630451e-001
<VARIANCE> 25
 1.495570e+001 3.961436e+001 4.661226e+001 3.949687e+001 5.077840e+001 4.193553e+001 5.643837e+001 7.887785e+001 6.286738e+001 3.880081e+001 4.657405e+001 3.154472e+001 1.112671e+000 2.084021e+000 1.938371e+000 2.285166e+000 3.199045e+000 2.582663e+000 3.382959e+000 3.528415e+000 3.336397e+000 2.509378e+000 2.408984e+000 1.966722e+000 4.625229e+000
<GCONST> 1.031385e+002
<STATE> 4
<MEAN> 25
 2.147494e+000 -5.757610e+000 6.733264e+000 -2.213534e+000 -1.020239e+001 -6.303928e+000 4.512801e-001 6.610603e+000 -1.790967e+000 4.929013e-001 2.924379e+000 -5.739475e-001 3.236690e-002 3.613560e-001 -2.595591e-001 2.848641e-001 5.377552e-001 1.012598e-001 5.801239e-002 -3.376833e-001 8.665857e-002 3.149697e-002 -2.996258e-001 -2.729574e-002 -5.927067e-001
<VARIANCE> 25
 1.449338e+001 3.930752e+001 4.964425e+001 3.521449e+001 5.131618e+001 4.658815e+001 5.189820e+001 6.322616e+001 5.212640e+001 3.627674e+001 3.845662e+001 2.617018e+001 6.029378e-001 1.139512e+000 1.216761e+000 1.398408e+000 1.966100e+000 1.591286e+000 2.050818e+000 2.030674e+000 1.882314e+000 1.608540e+000 1.560831e+000 1.250973e+000 2.101834e+000
<GCONST> 9.533590e+001
<TRANSP> 5
 0.000000e+000 1.000000e+000 0.000000e+000 0.000000e+000 0.000000e+000
 0.000000e+000 5.777176e-001 4.222824e-001 0.000000e+000 0.000000e+000
 0.000000e+000 0.000000e+000 5.386322e-001 4.613678e-001 0.000000e+000
 0.000000e+000 0.000000e+000 0.000000e+000 8.324766e-001 1.675234e-001
 0.000000e+000 0.000000e+000 0.000000e+000 0.000000e+000 0.000000e+000
<ENDHMM>
~h "f"
<BEGINHMM>
<NUMSTATES> 5
<STATE> 2
<MEAN> 25
 -9.352125e-001 2.209848e+000 -2.155698e-001 3.501806e+000 2.317121e+000 8.047403e-001 2.581221e+000 -7.752314e-001 5.881329e-001 2.224440e-001 5.285169e-001 1.136898e+000 -3.276406e+000 1.583245e-001 -6.999298e-001 1.610472e+000 9.466183e-001 -6.607182e-001 7.614577e-001 3.640950e-001 9.850434e-001 -1.509528e-001 2.381811e-002 4.998163e-001 -1.454958e+000
<VARIANCE> 25
 4.469472e+001 2.351834e+001 3.541264e+001 4.548720e+001 3.347906e+001 5.345343e+001 3.508878e+001 3.767056e+001 3.338319e+001 2.627297e+001 2.382829e+001 2.205022e+001 3.261652e+000 4.074946e+000 3.511329e+000 4.961991e+000 4.890236e+000 5.982230e+000 5.006584e+000 4.578364e+000 4.106644e+000 3.357944e+000 2.874785e+000 2.540930e+000 2.314504e+000
<GCONST> 1.054110e+002
<STATE> 3
<MEAN> 25
 -1.120608e+001 -1.320856e+000 -3.564017e+000 4.476696e+000 2.457364e+000 -1.280264e+000 2.379754e+000 2.377273e-001 2.595794e+000 2.854270e-001 1.180577e+000 3.047552e+000 -5.594087e-001 -4.378684e-001 -3.139786e-001 -6.210029e-002 -1.197097e-002 -4.394210e-002 -1.266408e-002 5.207702e-002 6.202528e-002 2.277654e-002 7.769062e-002 8.590896e-002 -1.673894e-001
<VARIANCE> 25
 2.299212e+001 1.947102e+001 1.716995e+001 1.751289e+001 2.105438e+001 2.444949e+001 2.619901e+001 2.343828e+001 2.223298e+001 2.096358e+001 1.653333e+001 1.506622e+001 1.716033e+000 1.185340e+000 1.339759e+000 1.287847e+000 1.385831e+000 1.623123e+000 1.596630e+000 1.588203e+000 1.554328e+000 1.515981e+000 1.354016e+000 1.242896e+000 1.253229e+000
<GCONST> 8.668311e+001
<STATE> 4
<MEAN> 25
 -7.626318e+000 -1.673267e+000 -4.839179e+000 2.952735e+000 3.167648e+000 3.457552e-001 2.507378e+000 6.590266e-001 1.384463e+000 -2.603694e-001 1.017904e+000 1.980276e+000 1.784536e+000 3.775971e-001 2.508562e-001 -6.020911e-001 -2.816359e-001 3.102672e-001 -1.928369e-001 -1.661916e-001 -3.343534e-001 -1.088426e-001 -7.649627e-002 -4.375386e-001 4.634018e-001
<VARIANCE> 25
 4.058853e+001 2.645235e+001 2.341113e+001 2.557644e+001 2.751412e+001 3.039693e+001 2.591178e+001 2.840291e+001 2.716632e+001 2.260654e+001 1.838632e+001 1.698999e+001 6.472047e+000 2.403431e+000 2.497975e+000 3.974753e+000 2.677974e+000 3.365441e+000 2.699782e+000 2.496919e+000 2.433444e+000 2.246312e+000 1.954298e+000 1.955983e+000 3.839039e+000
<GCONST> 9.834674e+001
<TRANSP> 5
 0.000000e+000 1.000000e+000 0.000000e+000 0.000000e+000 0.000000e+000
 0.000000e+000 6.914809e-001 3.085191e-001 0.000000e+000 0.000000e+000
 0.000000e+000 0.000000e+000 8.660799e-001 1.339202e-001 0.000000e+000
 0.000000e+000 0.000000e+000 0.000000e+000 7.884598e-001 2.115402e-001
 0.000000e+000 0.000000e+000 0.000000e+000 0.000000e+000 0.000000e+000
<ENDHMM>
~h "g"
<BEGINHMM>
<NUMSTATES> 5
<STATE> 2
<MEAN> 25
 7.500481e+000 4.991264e+000 6.335146e+000 4.213994e+000 -1.549085e+000 -3.908298e+000 -1.002003e+000 -1.349252e+000 -3.748240e+000 2.427943e+000 -9.269172e-002 -2.602334e+000 2.616270e-001 1.462956e+000 6.814446e-001 1.300759e+000 5.788616e-001 -5.788755e-001 9.307146e-001 -5.435134e-001 -2.657692e-002 -3.981799e-001 -2.201669e-001 2.588695e-001 -2.054604e+000
<VARIANCE> 25
 2.091257e+001 4.801221e+001 4.047147e+001 3.823618e+001 5.011188e+001 5.330999e+001 5.348014e+001 5.682228e+001 4.907307e+001 4.103552e+001 3.428081e+001 2.896776e+001 2.348281e+000 2.963121e+000 3.745481e+000 3.027206e+000 4.448508e+000 4.211169e+000 4.078861e+000 4.369956e+000 5.436996e+000 3.300829e+000 2.868694e+000 2.722265e+000 5.325975e+000
<GCONST> 1.074156e+002
<STATE> 3
<MEAN> 25
 2.760051e+000 4.471718e+000 3.239428e+000 6.866983e+000 2.887404e+000 -4.943659e+000 9.327571e-001 -1.536167e+000 -2.175040e+000 1.442348e+000 -1.127568e+000 9.493402e-001 -1.771385e+000 -2.015023e+000 -1.547498e+000 -8.713099e-001 6.348221e-001 -8.554540e-001 -9.475602e-001 1.097411e+000 2.447501e-001 1.745918e-001 3.016874e-001 9.615413e-001 3.168988e+000
<VARIANCE> 25
 3.839955e+001 5.471540e+001 6.304030e+001 2.935210e+001 6.441483e+001 4.951851e+001 4.664548e+001 3.707862e+001 3.740900e+001 3.049353e+001 2.482056e+001 2.677542e+001 3.327551e+000 4.578677e+000 7.052862e+000 3.916943e+000 1.013741e+001 4.982215e+000 4.656898e+000 5.285585e+000 5.095729e+000 3.583268e+000 3.823998e+000 3.365684e+000 5.943349e+000
<GCONST> 1.105918e+002
<STATE> 4
<MEAN> 25
 9.462631e-001 2.015706e-001 1.803607e+000 1.258619e+000 -1.284620e+000 -6.135785e+000 -2.199628e+000 1.905589e+000 -1.959097e+000 2.437024e+000 1.381192e+000 1.196388e+000 1.170400e-001 -9.492537e-001 1.859319e-002 -1.926165e+000 -1.641799e+000 5.113848e-001 -8.113127e-001 1.190775e+000 3.548158e-001 2.741165e-001 5.328987e-001 -6.221716e-001 2.208487e+000
<VARIANCE> 25
 2.900095e+001 3.959534e+001 6.118287e+001 3.220522e+001 7.070293e+001 5.681858e+001 5.671666e+001 5.394954e+001 4.507415e+001 3.239220e+001 3.416267e+001 2.361350e+001 3.018999e+000 3.142320e+000 5.396598e+000 3.986269e+000 7.159864e+000 3.676684e+000 3.966574e+000 6.113327e+000 5.752349e+000 3.601621e+000 4.020298e+000 3.413960e+000 3.932768e+000
<GCONST> 1.096796e+002
<TRANSP> 5
 0.000000e+000 1.000000e+000 0.000000e+000 0.000000e+000 0.000000e+000
 0.000000e+000 7.377197e-001 2.622803e-001 0.000000e+000 0.000000e+000
 0.000000e+000 0.000000e+000 5.998449e-001 4.001551e-001 0.000000e+000
 0.000000e+000 0.000000e+000 0.000000e+000 5.047131e-001 4.952869e-001
 0.000000e+000 0.000000e+000 0.000000e+000 0.000000e+000 0.000000e+000
<ENDHMM>
~h "h"
<BEGINHMM>
<NUMSTATES> 5
<STATE> 2
<MEAN> 25
 1.959755e+000 -2.380471e+000 -1.676546e+000 7.797632e-001 5.709773e+000 4.100334e+000 3.616076e+000 2.853004e+000 1.081292e+000 -4.497144e-001 -2.778953e+000 2.509871e-001 -1.047875e+000 2.744723e-001 -6.205617e-002 1.461712e+000 1.854330e+000 4.404661e-001 1.511934e+000 1.714196e-001 5.436181e-001 -3.504961e-001 1.892895e-003 7.854515e-001 -1.201119e+000
<VARIANCE> 25
 1.876166e+001 3.415015e+001 4.512446e+001 4.099496e+001 5.526376e+001 6.009703e+001 5.087463e+001 5.062602e+001 4.000056e+001 3.927512e+001 4.354609e+001 3.902195e+001 1.664837e+000 3.246877e+000 3.240837e+000 3.673808e+000 3.825024e+000 3.621614e+000 4.738127e+000 4.155066e+000 3.583781e+000 3.119841e+000 3.277645e+000 3.209987e+000 2.193462e+000
<GCONST> 1.060178e+002
<STATE> 3
<MEAN> 25
 -1.571561e+000 -3.579237e+000 -2.825846e+000 2.769977e+000 8.688514e+000 4.115407e+000 6.061294e+000 3.456079e+000 2.566052e+000 -1.027031e+000 -2.415741e+000 1.404083e+000 -5.312093e-001 -4.960807e-002 -2.482401e-001 -4.671597e-002 -1.583953e-001 -2.948473e-001 -3.547758e-003 -1.914478e-001 4.032447e-003 -6.398330e-002 2.151670e-001 1.310929e-001 -1.206462e+000
<VARIANCE> 25
 2.270097e+001 3.227434e+001 3.688830e+001 3.814739e+001 5.434795e+001 5.063683e+001 5.338418e+001 4.592091e+001 3.917738e+001 3.983802e+001 3.468013e+001 3.293082e+001 1.654724e+000 2.550657e+000 2.587731e+000 2.558701e+000 3.007544e+000 3.077695e+000 3.175451e+000 3.281786e+000 2.832962e+000 2.655663e+000 2.577531e+000 2.186402e+000 3.174179e+000
<GCONST> 1.027125e+002
<STATE> 4
<MEAN> 25
 -3.566370e+000 -3.270359e+000 -4.735694e+000 1.594734e+000 5.098833e+000 2.540946e+000 3.567742e+000 1.268526e+000 1.763193e+000 -1.721980e+000 -7.394219e-001 1.477848e+000 1.586086e-001 2.072782e-001 4.888559e-002 -1.027100e-001 -2.935944e-001 -6.565766e-002 -1.340208e-001 -1.449442e-001 -1.017790e-001 5.226915e-002 1.796958e-002 -1.074920e-001 -1.373749e-001
<VARIANCE> 25
 2.147282e+001 4.654189e+001 3.021691e+001 2.582391e+001 4.004440e+001 3.539479e+001 3.566048e+001 2.934948e+001 2.828897e+001 2.588013e+001 2.344797e+001 2.211498e+001 1.313348e+000 1.705085e+000 1.482236e+000 1.461814e+000 1.807034e+000 1.867724e+000 2.014771e+000 1.923706e+000 1.864484e+000 1.811140e+000 1.672907e+000 1.600255e+000 1.805130e+000
<GCONST> 9.351351e+001
<TRANSP> 5
 0.000000e+000 1.000000e+000 0.000000e+000 0.000000e+000 0.000000e+000
 0.000000e+000 5.468388e-001 4.531612e-001 0.000000e+000 0.000000e+000
 0.000000e+000 0.000000e+000 5.561678e-001 4.438322e-001 0.000000e+000
 0.000000e+000 0.000000e+000 0.000000e+000 8.358482e-001 1.641518e-001
 0.000000e+000 0.000000e+000 0.000000e+000 0.000000e+000 0.000000e+000
<ENDHMM>
~h "i"
<BEGINHMM>
<NUMSTATES> 5
<STATE> 2
<MEAN> 25
 -5.688125e-001 1.366815e+000 1.166954e+001 2.663893e+000 -6.949602e+000 -5.700806e+000 -2.319056e+000 -2.127538e+000 -6.019644e+000 -2.025392e+000 2.739554e+000 1.091861e+000 7.046934e-001 -1.012495e-001 3.089188e+000 -4.809421e-001 -2.819723e+000 4.064846e-002 -1.633948e+000 -3.242595e-001 -2.151513e+000 -2.181924e-001 1.191548e+000 -2.684507e-001 1.902238e+000
<VARIANCE> 25
 3.176057e+001 3.586204e+001 5.118715e+001 3.688066e+001 4.783333e+001 4.060601e+001 5.420160e+001 5.558761e+001 4.740943e+001 3.225202e+001 2.907497e+001 2.559551e+001 6.097107e+000 3.115487e+000 4.953473e+000 4.811514e+000 4.602813e+000 4.870515e+000 6.240766e+000 6.343637e+000 6.199877e+000 4.810404e+000 3.214682e+000 3.517602e+000 4.796881e+000
<GCONST> 1.103475e+002
<STATE> 3
<MEAN> 25
 6.018885e-001 1.006237e+000 1.808912e+001 -1.412559e-001 -1.375554e+001 -2.958898e+000 -7.014588e+000 -2.797005e+000 -1.030636e+001 -1.486707e+000 5.356220e+000 -9.644624e-002 5.870110e-002 7.484988e-002 2.126243e-001 -2.776552e-001 -4.067110e-001 2.311475e-001 -1.651853e-001 -2.125720e-002 -1.029807e-001 2.344881e-001 1.693039e-001 -6.011622e-002 5.739038e-002
<VARIANCE> 25
 1.051789e+001 2.218539e+001 3.156229e+001 4.043750e+001 2.349513e+001 3.706305e+001 2.792226e+001 5.036064e+001 4.355567e+001 4.880602e+001 2.862915e+001 3.463474e+001 7.211004e-001 1.472908e+000 1.976240e+000 1.642336e+000 2.174377e+000 2.315272e+000 2.152992e+000 2.858957e+000 2.299021e+000 1.894691e+000 1.496575e+000 1.389801e+000 1.257694e+000
<GCONST> 9.423468e+001
<STATE> 4
<MEAN> 25
 3.564147e-001 3.515074e+000 1.373844e+001 8.922879e-001 -8.933574e+000 -3.458326e+000 -2.617764e+000 -3.312905e+000 -6.331390e+000 -6.621647e-001 3.058569e+000 4.513907e-001 1.688403e-001 2.397436e-001 -1.337175e+000 4.649625e-001 1.197675e+000 -1.956278e-001 7.472862e-001 2.284051e-001 8.967258e-001 -2.308924e-003 -5.402973e-001 1.175326e-001 -1.406626e+000
<VARIANCE> 25
 1.707411e+001 3.090913e+001 5.308765e+001 3.743438e+001 4.413803e+001 5.334667e+001 4.140137e+001 5.417655e+001 4.395157e+001 3.746270e+001 3.117645e+001 2.815452e+001 1.367780e+000 1.889280e+000 2.276420e+000 2.115178e+000 3.003372e+000 2.641493e+000 3.037036e+000 3.242861e+000 3.155411e+000 2.427162e+000 2.075889e+000 1.770223e+000 3.362586e+000
<GCONST> 1.009032e+002
<TRANSP> 5
 0.000000e+000 1.000000e+000 0.000000e+000 0.000000e+000 0.000000e+000
 0.000000e+000 6.156319e-001 3.843681e-001 0.000000e+000 0.000000e+000
 0.000000e+000 0.000000e+000 7.492973e-001 2.507027e-001 0.000000e+000
 0.000000e+000 0.000000e+000 0.000000e+000 7.988698e-001 2.011302e-001
 0.000000e+000 0.000000e+000 0.000000e+000 0.000000e+000 0.000000e+000
<ENDHMM>
~h "j"
<BEGINHMM>
<NUMSTATES> 5
<STATE> 2
<MEAN> 25
 3.052216e+000 7.493745e+000 7.913386e+000 5.598956e+000 -1.290672e+000 -3.484473e+000 4.421654e-001 9.302340e-001 -8.100676e-001 -3.047408e+000 2.982846e-001 1.632679e+000 -3.260146e-001 1.285962e+000 2.835672e-001 3.727161e-001 7.824617e-001 4.906107e-002 9.292239e-001 -4.472379e-002 4.309569e-001 -6.205567e-002 -1.312009e-001 3.190486e-002 -1.252625e+000
<VARIANCE> 25
 3.530104e+001 4.358350e+001 4.563088e+001 2.661063e+001 3.762347e+001 4.513739e+001 4.546587e+001 3.986665e+001 3.968543e+001 2.939940e+001 2.491428e+001 2.220453e+001 4.440413e+000 3.009707e+000 3.077494e+000 2.693551e+000 3.287066e+000 3.003943e+000 3.721717e+000 3.712273e+000 3.735926e+000 2.766412e+000 2.335398e+000 2.255225e+000 5.855179e+000
<GCONST> 1.040926e+002
<STATE> 3
<MEAN> 25
 -7.478052e+000 8.643325e+000 6.760987e+000 3.740991e+000 2.455636e+000 -3.379159e+000 2.333088e+000 -1.453154e+000 -7.228863e-001 -2.060906e+000 1.717566e+000 3.701289e+000 -1.149418e+000 -1.479129e+000 4.333079e-001 -6.773181e-001 -1.437051e+000 -9.740633e-001 -1.246873e+000 -2.736488e-001 -5.479977e-001 -1.531877e-001 7.922727e-001 8.749525e-001 3.451298e+000
<VARIANCE> 25
 4.769614e+001 3.800901e+001 4.507198e+001 2.569531e+001 3.889552e+001 4.721918e+001 3.615737e+001 2.729919e+001 2.448320e+001 2.176776e+001 1.853249e+001 1.724516e+001 1.183744e+001 3.428457e+000 4.928930e+000 3.725340e+000 8.070107e+000 4.113198e+000 4.215435e+000 4.379819e+000 3.799914e+000 2.537747e+000 2.109356e+000 2.138982e+000 3.039961e+000
<GCONST> 1.048766e+002
<STATE> 4
<MEAN> 25
 8.382096e-001 -1.063615e+000 1.002415e+001 6.835394e-002 -9.885398e+000 -8.254319e+000 -6.428939e+000 3.434355e+000 -8.198142e-001 -2.461939e+000 4.545324e+000 4.672264e+000 2.185799e+000 -2.703381e+000 -1.246632e+000 -1.349242e+000 -1.273662e+000 5.003328e-001 -1.376590e+000 2.231808e+000 1.160124e+000 7.953556e-001 -4.196209e-001 -1.374521e+000 1.351910e+000
<VARIANCE> 25
 1.327164e+001 2.831481e+001 2.832108e+001 3.591403e+001 2.506536e+001 2.043641e+001 3.421712e+001 5.643806e+001 5.099846e+001 2.411486e+001 2.072843e+001 1.909071e+001 2.617062e+000 2.833700e+000 4.640911e+000 2.257134e+000 5.907438e+000 3.351733e+000 6.114235e+000 6.401043e+000 5.146802e+000 2.957495e+000 3.700993e+000 2.459844e+000 1.200379e+000
<GCONST> 1.018202e+002
<TRANSP> 5
 0.000000e+000 1.000000e+000 0.000000e+000 0.000000e+000 0.000000e+000
 0.000000e+000 8.394426e-001 1.605575e-001 0.000000e+000 0.000000e+000
 0.000000e+000 0.000000e+000 7.689619e-001 2.310381e-001 0.000000e+000
 0.000000e+000 0.000000e+000 0.000000e+000 6.289608e-001 3.710392e-001
 0.000000e+000 0.000000e+000 0.000000e+000 0.000000e+000 0.000000e+000
<ENDHMM>
~h "k"
<BEGINHMM>
<NUMSTATES> 5
<STATE> 2
<MEAN> 25
 -1.306770e+000 3.038481e+000 -1.371021e+000 1.868560e+000 1.454622e+000 -1.854726e+000 2.388091e+000 -7.200644e-001 3.978871e-001 2.637478e-001 -4.868911e-001 9.704187e-001 -8.985994e-001 -2.074961e-001 -6.382643e-001 3.033470e-001 4.891312e-001 -2.366765e-001 2.152572e-001 7.850023e-002 3.026399e-001 -9.609504e-002 -3.929301e-002 4.223560e-001 -9.640979e-001
<VARIANCE> 25
 2.916554e+001 2.915061e+001 3.174596e+001 3.119740e+001 3.680663e+001 4.085169e+001 3.633033e+001 4.199432e+001 3.791893e+001 3.249235e+001 2.684235e+001 2.589581e+001 2.090104e+000 3.577463e+000 3.113847e+000 2.766806e+000 3.792396e+000 3.441728e+000 3.273717e+000 3.349183e+000 3.360863e+000 2.875964e+000 2.356292e+000 2.145298e+000 7.557807e+000
<GCONST> 1.029374e+002
<STATE> 3
<MEAN> 25
 -5.363997e+000 -3.027144e+000 -7.124216e+000 1.103929e+000 5.370821e+000 -4.335602e+000 1.146711e+000 5.846364e-001 8.357235e-001 2.109767e+000 -1.117724e+000 2.917303e+000 -7.008058e-001 -2.022080e+000 -2.078721e+000 -1.016533e+000 1.268857e+000 -8.692290e-001 -1.015770e+000 7.456704e-001 -9.501319e-002 8.881481e-001 -5.577292e-001 1.943544e-001 4.593401e+000
<VARIANCE> 25
 2.575315e+001 5.477892e+001 5.912527e+001 4.623336e+001 5.229565e+001 5.188035e+001 4.660494e+001 3.976989e+001 3.824623e+001 3.257841e+001 2.539486e+001 2.578201e+001 3.544894e+000 4.944113e+000 6.358126e+000 5.382901e+000 6.039446e+000 5.538409e+000 5.036376e+000 4.665362e+000 4.521223e+000 3.703335e+000 3.646350e+000 3.245660e+000 1.014527e+001
<GCONST> 1.108244e+002
<STATE> 4
<MEAN> 25
 -3.332437e+000 -2.954849e+000 -7.427685e+000 -2.174562e+000 4.208853e+000 -4.817046e+000 -3.651389e-001 2.039478e+000 6.395741e-001 2.841146e+000 -2.144261e+000 5.378318e-001 1.816429e+000 4.553031e-001 1.449098e+000 -8.898457e-001 -1.560867e+000 6.540629e-001 -3.575589e-001 4.494142e-001 -2.872989e-001 -3.399906e-001 2.477676e-001 -1.335727e+000 2.550572e+000
<VARIANCE> 25
 4.064149e+001 3.677171e+001 6.090544e+001 4.822664e+001 5.475520e+001 5.991601e+001 4.784438e+001 4.487891e+001 4.090997e+001 3.201711e+001 3.067077e+001 3.472097e+001 4.692470e+000 4.585905e+000 5.177936e+000 5.496959e+000 5.413618e+000 5.311860e+000 4.815446e+000 5.230058e+000 4.642833e+000 3.457930e+000 3.633119e+000 3.904189e+000 7.787848e+000
<GCONST> 1.116411e+002
<TRANSP> 5
 0.000000e+000 1.000000e+000 0.000000e+000 0.000000e+000 0.000000e+000
 0.000000e+000 7.962830e-001 2.037170e-001 0.000000e+000 0.000000e+000
 0.000000e+000 0.000000e+000 5.256598e-001 4.743401e-001 0.000000e+000
 0.000000e+000 0.000000e+000 0.000000e+000 5.784968e-001 4.215032e-001
 0.000000e+000 0.000000e+000 0.000000e+000 0.000000e+000 0.000000e+000
<ENDHMM>
~h "l"
<BEGINHMM>
<NUMSTATES> 5
<STATE> 2
<MEAN> 25
 6.439776e+000 -4.843853e+000 1.291040e+000 -5.824798e+000 -2.427557e+000 1.921927e+000 -8.307118e+000 -4.117465e+000 3.299311e+000 4.500335e+000 1.159461e+000 -2.797154e+000 5.255757e-001 1.720985e-001 6.252923e-001 -6.480575e-001 6.993744e-001 2.834165e-002 -1.426450e+000 -1.357186e+000 9.300010e-002 1.158108e+000 3.658929e-001 -2.935093e-001 -3.602137e-001
<VARIANCE> 25
 1.427766e+001 2.430839e+001 4.579029e+001 5.935497e+001 4.921487e+001 6.278354e+001 6.515093e+001 9.831075e+001 5.323983e+001 4.410400e+001 4.360802e+001 3.775295e+001 9.979862e-001 1.727931e+000 2.613732e+000 4.268421e+000 4.700602e+000 5.296585e+000 4.353209e+000 5.341660e+000 4.097555e+000 3.581032e+000 3.955237e+000 2.913902e+000 1.364023e+000
<GCONST> 1.064316e+002
<STATE> 3
<MEAN> 25
 7.457393e+000 -4.190861e+000 2.757309e+000 -7.897536e+000 -1.178921e+000 3.204666e+000 -1.154293e+001 -6.597050e+000 2.566705e+000 6.746386e+000 2.655476e+000 -3.296725e+000 -7.127909e-002 1.452647e-001 6.739020e-003 -2.037343e-001 3.547429e-001 -1.169725e-001 -2.750446e-001 1.975259e-001 9.260483e-003 -5.403320e-002 -6.717531e-002 4.955824e-003 -7.330830e-002
<VARIANCE> 25
 1.070947e+001 1.961801e+001 3.930321e+001 6.410545e+001 4.747091e+001 5.058551e+001 6.405086e+001 7.336384e+001 5.109474e+001 4.474758e+001 4.004262e+001 3.557957e+001 4.820089e-001 1.228550e+000 2.368534e+000 3.100666e+000 2.129778e+000 3.057454e+000 3.014307e+000 4.740697e+000 2.933026e+000 2.706244e+000 2.774504e+000 2.054070e+000 9.113641e-001
<GCONST> 1.000838e+002
<STATE> 4
<MEAN> 25
 5.840830e+000 -2.527352e+000 -2.197351e-001 -7.488502e+000 1.091624e+000 2.449807e+000 -7.553964e+000 -3.383132e+000 2.304142e+000 4.409761e+000 8.249160e-001 -2.582565e+000 -4.355778e-001 -7.609499e-002 -5.265597e-001 6.176110e-001 -8.523336e-002 -9.708807e-002 1.087210e+000 9.724070e-001 8.899270e-002 -8.515378e-001 -6.720281e-001 1.273130e-001 -1.148007e-001
<VARIANCE> 25
 1.789317e+001 2.929059e+001 5.473896e+001 7.235845e+001 5.290604e+001 5.605954e+001 8.208758e+001 6.796672e+001 5.321267e+001 5.185593e+001 4.456815e+001 3.775384e+001 6.975203e-001 2.166186e+000 2.459920e+000 3.429301e+000 3.098181e+000 3.639133e+000 3.708634e+000 4.910741e+000 3.583877e+000 3.160618e+000 3.610762e+000 2.484702e+000 2.318027e+000
<GCONST> 1.057973e+002
<TRANSP> 5
 0.000000e+000 1.000000e+000 0.000000e+000 0.000000e+000 0.000000e+000
 0.000000e+000 5.155355e-001 4.844645e-001 0.000000e+000 0.000000e+000
 0.000000e+000 0.000000e+000 5.134000e-001 4.866000e-001 0.000000e+000
 0.000000e+000 0.000000e+000 0.000000e+000 5.513626e-001 4.486373e-001
 0.000000e+000 0.000000e+000 0.000000e+000 0.000000e+000 0.000000e+000
<ENDHMM>
~h "m"
<BEGINHMM>
<NUMSTATES> 5
<STATE> 2
<MEAN> 25
 7.667259e+000 -1.224872e+000 1.363177e+000 -7.048575e-001 -9.628159e-001 4.739490e+000 -6.921315e-001 -5.825914e+000 -5.865503e+000 7.976314e-001 8.912145e-001 -2.419044e+000 4.671127e-001 1.323974e+000 1.762447e+000 2.209419e+000 3.191911e-001 -4.650168e-003 1.095209e+000 -3.014800e+000 -2.883140e+000 -5.514047e-002 -5.639392e-001 8.634887e-001 -1.012840e+000
<VARIANCE> 25
 2.125408e+001 3.599551e+001 3.384699e+001 6.110622e+001 3.624465e+001 4.874411e+001 5.471023e+001 6.212210e+001 5.351942e+001 3.703210e+001 4.016660e+001 3.790626e+001 1.867374e+000 2.141596e+000 3.428387e+000 3.598576e+000 3.175232e+000 3.515671e+000 5.198645e+000 4.578685e+000 5.339681e+000 3.851206e+000 5.564837e+000 3.959669e+000 3.786152e+000
<GCONST> 1.076780e+002
<STATE> 3
<MEAN> 25
 7.894103e+000 9.078412e-001 6.370872e+000 3.910743e+000 -3.743501e-001 4.357860e+000 8.309794e-001 -1.221277e+001 -1.262022e+001 8.086013e-001 -1.267079e+000 5.476063e-001 -1.461502e-002 1.689178e-001 4.233075e-001 3.416311e-001 1.426293e-001 2.029887e-001 2.578537e-001 -5.323098e-001 -6.323127e-001 -1.799262e-001 -3.373012e-001 3.320217e-001 -8.112209e-002
<VARIANCE> 25
 8.738647e+000 2.123401e+001 2.154024e+001 3.393272e+001 3.244777e+001 4.928379e+001 6.624700e+001 4.373299e+001 3.607465e+001 4.874585e+001 4.990981e+001 4.243359e+001 7.014205e-001 1.257532e+000 1.297265e+000 1.981105e+000 1.687414e+000 1.856271e+000 2.155356e+000 2.325040e+000 2.656090e+000 2.128627e+000 2.608725e+000 1.723689e+000 2.007151e+000
<GCONST> 9.574793e+001
<STATE> 4
<MEAN> 25
 6.354767e+000 1.221476e+000 4.511970e+000 2.101931e+000 -7.780494e-001 5.103134e+000 8.868716e-001 -8.562311e+000 -8.933290e+000 -9.124686e-001 -1.793958e+000 -2.362039e-001 -6.645966e-002 -1.940758e-001 -8.650247e-001 -8.092851e-001 -2.018766e-001 -3.121568e-002 -1.801848e-001 1.099431e+000 1.103908e+000 5.437487e-002 4.042189e-001 -4.500394e-001 3.555272e-001
<VARIANCE> 25
 1.947021e+001 2.205827e+001 3.459984e+001 4.192987e+001 4.130624e+001 4.736090e+001 5.589320e+001 5.124087e+001 5.349405e+001 3.756339e+001 4.177387e+001 3.355885e+001 4.761813e-001 1.397927e+000 2.376615e+000 3.074736e+000 1.732253e+000 1.979947e+000 2.500546e+000 3.184564e+000 3.766791e+000 2.140808e+000 2.660535e+000 2.291608e+000 1.873982e+000
<GCONST> 9.909182e+001
<TRANSP> 5
 0.000000e+000 1.000000e+000 0.000000e+000 0.000000e+000 0.000000e+000
 0.000000e+000 5.863125e-001 4.136874e-001 0.000000e+000 0.000000e+000
 0.000000e+000 0.000000e+000 6.489285e-001 3.510716e-001 0.000000e+000
 0.000000e+000 0.000000e+000 0.000000e+000 7.492691e-001 2.507309e-001
 0.000000e+000 0.000000e+000 0.000000e+000 0.000000e+000 0.000000e+000
<ENDHMM>
~h "n"
<BEGINHMM>
<NUMSTATES> 5
<STATE> 2
<MEAN> 25
 6.803051e+000 -4.340825e+000 3.284649e+000 6.305192e-001 -2.413064e+000 -1.765817e+000 -4.716531e+000 4.657730e-001 1.554860e-001 1.606164e+000 -4.852211e+000 -3.659960e+000 6.236307e-001 2.137746e+000 1.934529e+000 2.321025e+000 -5.035733e-001 -9.527637e-001 5.268709e-001 -4.075710e+000 -6.755350e-001 1.053214e+000 -6.714921e-001 8.801346e-001 -2.136510e+000
<VARIANCE> 25
 8.541593e+000 3.140093e+001 3.630417e+001 3.825436e+001 3.942861e+001 4.318962e+001 4.276174e+001 1.045434e+002 4.542796e+001 4.290729e+001 3.528573e+001 3.055072e+001 6.465879e-001 1.761989e+000 3.435946e+000 2.316541e+000 3.079778e+000 4.361606e+000 5.373296e+000 5.968527e+000 5.643205e+000 4.945379e+000 4.948396e+000 2.749750e+000 9.096373e-001
<GCONST> 1.032934e+002
<STATE> 3
<MEAN> 25
 7.913864e+000 6.463996e-001 8.266723e+000 5.120775e+000 -4.527987e+000 -2.466742e+000 -2.859565e+000 -9.807392e+000 -2.322482e+000 4.179011e+000 -6.056213e+000 -6.488954e-001 1.506646e-001 8.101233e-001 2.995282e-001 5.542554e-001 -1.393858e-001 1.739859e-001 5.181699e-001 -1.041408e+000 -4.606458e-001 1.583616e-001 -9.780155e-002 5.172440e-001 -8.169837e-001
<VARIANCE> 25
 7.162977e+000 1.445147e+001 1.993837e+001 2.676858e+001 3.039185e+001 4.430643e+001 5.664795e+001 4.694492e+001 4.093579e+001 4.273406e+001 3.787312e+001 3.184949e+001 3.924288e-001 1.139744e+000 1.482871e+000 1.313940e+000 1.552657e+000 1.860593e+000 2.402658e+000 3.678736e+000 2.349009e+000 2.093414e+000 2.019370e+000 1.575982e+000 8.389482e-001
<GCONST> 9.219719e+001
<STATE> 4
<MEAN> 25
 5.240808e+000 3.334459e+000 5.874465e+000 5.923139e+000 -1.478489e+000 -1.206022e+000 1.706521e-001 -7.543752e+000 -2.870157e+000 1.608410e+000 -4.337925e+000 7.739947e-001 -5.765318e-001 2.285189e-001 -5.478519e-001 -1.427861e-001 6.968484e-001 1.812921e-001 1.470355e-001 8.388804e-001 1.267726e-001 -5.339417e-001 3.976746e-001 -1.150049e-001 -8.248090e-001
<VARIANCE> 25
 2.825992e+001 2.388740e+001 3.020365e+001 2.778247e+001 4.532737e+001 3.070513e+001 5.255183e+001 6.209675e+001 4.641823e+001 4.654807e+001 3.963435e+001 2.950788e+001 1.108558e+000 1.945849e+000 1.768383e+000 2.021167e+000 2.505630e+000 2.225417e+000 3.030734e+000 3.790661e+000 2.847995e+000 2.559390e+000 2.219212e+000 1.926128e+000 2.983854e+000
<GCONST> 1.000000e+002
<TRANSP> 5
 0.000000e+000 1.000000e+000 0.000000e+000 0.000000e+000 0.000000e+000
 0.000000e+000 6.059738e-001 3.940263e-001 0.000000e+000 0.000000e+000
 0.000000e+000 0.000000e+000 6.846688e-001 3.153313e-001 0.000000e+000
 0.000000e+000 0.000000e+000 0.000000e+000 7.569896e-001 2.430104e-001
 0.000000e+000 0.000000e+000 0.000000e+000 0.000000e+000 0.000000e+000
<ENDHMM>
~h "o"
<BEGINHMM>
<NUMSTATES> 5
<STATE> 2
<MEAN> 25
 5.621322e+000 5.333299e-001 -5.183522e+000 -8.713755e+000 -2.608154e+000 5.236653e+000 -3.959505e+000 -2.202103e+000 -2.875882e-002 1.656458e+000 3.400908e+000 -2.242171e-001 1.875544e+000 -3.131182e-001 -4.548294e-001 -3.156025e+000 -1.452548e+000 2.550620e+000 -7.936481e-001 1.302358e-001 2.193327e-002 1.071988e-001 1.243613e+000 -4.295996e-001 2.078733e+000
<VARIANCE> 25
 2.843341e+001 3.128490e+001 4.129627e+001 7.414227e+001 5.153413e+001 5.132093e+001 6.911745e+001 5.061687e+001 5.201018e+001 5.013035e+001 3.614108e+001 2.886386e+001 4.350166e+000 2.985758e+000 5.525108e+000 6.118086e+000 6.715775e+000 5.050687e+000 5.477972e+000 6.735508e+000 5.200063e+000 5.028265e+000 3.982429e+000 3.524510e+000 4.819335e+000
<GCONST> 1.123157e+002
<STATE> 3
<MEAN> 25
 8.154303e+000 -7.941322e-001 -5.830163e+000 -1.504676e+001 -4.933447e+000 1.155645e+001 -5.069276e+000 -1.898931e+000 -4.533659e-001 1.576653e+000 6.746914e+000 -3.471330e-001 1.912269e-001 -1.109973e-001 -2.165255e-001 -1.050821e+000 -9.362641e-002 1.064599e+000 2.829719e-001 1.458074e-001 -8.255595e-002 -3.450711e-001 4.182096e-001 1.926117e-001 2.147859e-001
<VARIANCE> 25
 1.020230e+001 2.525718e+001 2.411414e+001 4.572721e+001 4.366595e+001 3.654551e+001 5.252848e+001 4.935230e+001 4.687124e+001 5.427414e+001 3.313821e+001 3.364746e+001 5.410896e-001 1.820313e+000 1.253067e+000 2.889080e+000 2.254897e+000 2.369578e+000 2.994263e+000 2.780113e+000 3.297663e+000 3.435145e+000 2.109110e+000 2.093425e+000 1.820186e+000
<GCONST> 9.817534e+001
<STATE> 4
<MEAN> 25
 7.559151e+000 4.303568e-001 -5.506160e+000 -1.450589e+001 -4.085061e+000 1.024431e+001 -2.624204e+000 -1.570753e+000 6.816628e-001 -1.012251e-001 4.451710e+000 -2.551252e-002 -1.913661e-001 4.639084e-002 2.255419e-001 1.130818e+000 3.936392e-001 -8.385965e-001 1.241304e-001 -5.988292e-002 1.527072e-001 2.352154e-001 -5.209270e-001 -1.562889e-001 -7.885365e-001
<VARIANCE> 25
 1.591145e+001 3.514846e+001 2.366658e+001 6.125281e+001 4.496905e+001 4.201003e+001 5.988604e+001 4.889895e+001 4.431485e+001 5.381955e+001 2.876336e+001 3.474420e+001 6.289490e-001 1.378821e+000 1.233855e+000 3.100425e+000 2.073262e+000 2.519277e+000 2.564170e+000 2.360934e+000 2.333800e+000 2.550136e+000 1.900203e+000 1.716391e+000 2.248837e+000
<GCONST> 9.819200e+001
<TRANSP> 5
 0.000000e+000 1.000000e+000 0.000000e+000 0.000000e+000 0.000000e+000
 0.000000e+000 5.728924e-001 4.271077e-001 0.000000e+000 0.000000e+000
 0.000000e+000 0.000000e+000 6.303472e-001 3.696529e-001 0.000000e+000
 0.000000e+000 0.000000e+000 0.000000e+000 8.367410e-001 1.632590e-001
 0.000000e+000 0.000000e+000 0.000000e+000 0.000000e+000 0.000000e+000
<ENDHMM>
~h "p"
<BEGINHMM>
<NUMSTATES> 5
<STATE> 2
<MEAN> 25
 2.197030e+000 5.313457e+000 -8.197902e-001 1.258135e+000 1.829638e+000 8.550095e-001 2.603239e+000 -3.411289e+000 1.043808e-001 -1.260622e-002 1.686987e-002 -2.051446e-001 -1.270236e+000 2.630000e-001 -3.213711e-001 5.228549e-001 2.012743e-001 -5.598200e-001 5.314683e-001 2.513201e-001 4.727900e-001 -2.903803e-001 -2.960882e-002 3.814103e-001 -1.770889e+000
<VARIANCE> 25
 3.298806e+001 2.226893e+001 3.075860e+001 3.827017e+001 2.428204e+001 3.737938e+001 2.957669e+001 3.483369e+001 3.641990e+001 2.788192e+001 2.537325e+001 2.607712e+001 1.637057e+000 2.651684e+000 2.042143e+000 2.543527e+000 2.364261e+000 2.783845e+000 2.731764e+000 2.597406e+000 2.903211e+000 2.419585e+000 2.148777e+000 1.837231e+000 7.131704e+000
<GCONST> 9.902991e+001
<STATE> 3
<MEAN> 25
 -2.490712e+000 2.696709e+000 -2.696376e+000 1.295250e+000 1.492440e+000 -8.323583e-001 3.050421e+000 -1.855541e+000 1.133742e+000 -5.718261e-001 8.959336e-001 1.332666e+000 5.467517e-001 -2.195769e+000 -1.193794e+000 -1.826123e+000 -5.168023e-001 6.387839e-001 -8.298808e-001 8.107778e-002 3.237377e-001 1.912241e-001 7.904037e-001 -3.473596e-001 5.361259e+000
<VARIANCE> 25
 2.476926e+001 2.254086e+001 2.180820e+001 3.651154e+001 2.317169e+001 3.160222e+001 2.764622e+001 2.614097e+001 2.774543e+001 2.213883e+001 2.031075e+001 1.848630e+001 6.084234e+000 3.521190e+000 3.141196e+000 6.874024e+000 3.380871e+000 6.710091e+000 3.870462e+000 3.986533e+000 3.968741e+000 3.470205e+000 3.042696e+000 3.547856e+000 1.202562e+001
<GCONST> 1.039632e+002
<STATE> 4
<MEAN> 25
 -3.747141e+000 2.421010e-001 -3.929665e+000 1.110114e+000 1.662020e+000 5.408832e-001 2.628510e+000 -5.535667e-001 1.710150e+000 -7.068939e-001 1.088516e+000 1.732740e+000 7.528832e-001 -7.261655e-001 -1.434179e-001 -7.148554e-001 -3.148509e-001 4.010185e-001 -6.067331e-001 -2.575731e-002 -6.339498e-002 2.128996e-002 2.028637e-001 -3.732962e-001 2.456535e+000
<VARIANCE> 25
 3.192942e+001 2.561730e+001 1.796824e+001 4.120807e+001 2.267724e+001 3.427848e+001 2.908176e+001 2.417969e+001 2.332641e+001 2.164088e+001 1.898613e+001 1.983860e+001 3.727914e+000 3.476752e+000 2.329128e+000 4.622243e+000 2.563053e+000 4.517988e+000 3.282015e+000 3.042338e+000 2.684895e+000 2.483106e+000 2.254740e+000 2.630788e+000 1.277021e+001
<GCONST> 1.005412e+002
<TRANSP> 5
 0.000000e+000 1.000000e+000 0.000000e+000 0.000000e+000 0.000000e+000
 0.000000e+000 7.761554e-001 2.238446e-001 0.000000e+000 0.000000e+000
 0.000000e+000 0.000000e+000 3.901400e-001 6.098600e-001 0.000000e+000
 0.000000e+000 0.000000e+000 0.000000e+000 7.042431e-001 2.957569e-001
 0.000000e+000 0.000000e+000 0.000000e+000 0.000000e+000 0.000000e+000
<ENDHMM>
~h "q"
<BEGINHMM>
<NUMSTATES> 5
<STATE> 2
<MEAN> 25
 -5.528297e+000 5.237632e+000 1.191922e+000 6.366044e+000 -4.342197e-001 -1.834162e+000 2.960846e+000 -4.613858e+000 1.081164e+000 -3.724277e+000 -3.011218e-001 1.652330e+000 -5.392608e-001 -4.011889e-001 -6.148173e-001 -1.881587e-001 4.481670e-001 1.031868e-001 -2.779832e-001 1.769399e-001 3.687736e-001 -6.884764e-002 -2.158118e-001 9.175511e-001 -5.231375e-002
<VARIANCE> 25
 1.223842e+001 2.451831e+001 2.439360e+001 6.973335e+000 2.053679e+001 2.166024e+001 1.137011e+001 1.143322e+001 3.122613e+001 1.414898e+001 2.039810e+001 2.185518e+001 1.532425e+000 4.280531e+000 7.802487e+000 1.670290e+000 2.467478e+000 3.367511e+000 2.511530e+000 1.519047e+000 4.068085e+000 3.859399e+000 1.967097e+000 3.494054e+000 4.544648e+000
<GCONST> 9.404329e+001
<STATE> 3
<MEAN> 25
 -1.795015e+000 -1.226061e+000 -1.838133e+000 -7.023760e-001 -1.353777e+000 -6.865630e+000 3.609849e-001 -2.321869e-001 -1.610494e+000 -4.206155e-001 8.684784e-001 6.006164e+000 -4.127367e-001 -2.070603e-001 -1.206077e+000 -5.716729e-001 3.997189e-001 6.010734e-001 3.568372e-001 -1.813561e-002 1.546513e-001 -3.508863e-001 -1.070178e-001 1.885191e-001 7.281490e-001
<VARIANCE> 25
 2.382205e+001 4.965369e+001 2.158741e+002 3.962357e+001 6.342401e+001 5.748611e+001 3.571270e+001 5.452858e+001 3.610958e+001 2.851347e+001 3.418843e+001 3.110142e+001 2.866504e+000 5.477233e+000 8.644165e+000 5.272697e+000 6.023279e+000 5.540119e+000 1.723549e+000 4.091911e+000 5.516522e+000 2.781893e+000 3.026321e+000 3.013747e+000 1.125229e+001
<GCONST> 1.111546e+002
<STATE> 4
<MEAN> 25
 -7.807220e+000 2.965462e+000 -5.363280e+000 3.689695e+000 6.880364e-001 1.367840e+000 6.158824e+000 -4.466706e+000 3.879061e+000 -3.921000e+000 -1.730534e+000 1.824307e+000 -1.719213e-001 1.760470e-001 1.265199e-001 2.705240e-002 1.607057e-001 2.731498e-001 1.498597e-001 1.683793e-001 1.402628e-001 -5.636289e-002 -1.415427e-001 -8.138183e-002 -5.534589e-002
<VARIANCE> 25
 8.444469e+000 1.156493e+001 1.693761e+001 1.288224e+001 1.242712e+001 1.939872e+001 1.254308e+001 1.358346e+001 2.091075e+001 1.048513e+001 1.866601e+001 9.351853e+000 1.523807e+000 2.114749e+000 2.322192e+000 9.380938e-001 2.052918e+000 1.471763e+000 1.552721e+000 1.620929e+000 1.995820e+000 1.532395e+000 1.920713e+000 1.406907e+000 2.329146e+000
<GCONST> 8.402438e+001
<TRANSP> 5
 0.000000e+000 1.000000e+000 0.000000e+000 0.000000e+000 0.000000e+000
 0.000000e+000 7.932090e-001 2.067910e-001 0.000000e+000 0.000000e+000
 0.000000e+000 0.000000e+000 8.306842e-001 1.693159e-001 0.000000e+000
 0.000000e+000 0.000000e+000 0.000000e+000 8.983467e-001 1.016533e-001
 0.000000e+000 0.000000e+000 0.000000e+000 0.000000e+000 0.000000e+000
<ENDHMM>
~h "r"
<BEGINHMM>
<NUMSTATES> 5
<STATE> 2
<MEAN> 25
 5.362550e+000 -5.236124e+000 -3.951967e+000 -1.057977e+000 -2.945530e+000 -3.787118e-001 -5.057952e+000 3.151041e-001 5.805269e+000 2.465344e+000 2.734671e-001 -3.187630e+000 3.580455e-001 1.091855e-001 1.617099e-001 1.649778e+000 -2.613899e-001 -2.935712e-001 -4.826691e-001 -7.531648e-001 7.860230e-001 -1.717583e-001 2.250161e-001 2.270472e-001 -9.271190e-001
<VARIANCE> 25
 2.000360e+001 2.821115e+001 4.104748e+001 4.505608e+001 4.314351e+001 4.792682e+001 5.735908e+001 7.510274e+001 4.682277e+001 3.898400e+001 3.724401e+001 3.373214e+001 2.816102e+000 2.902133e+000 2.937921e+000 5.661436e+000 4.958645e+000 5.234108e+000 5.506283e+000 5.593269e+000 5.345894e+000 4.994144e+000 4.354279e+000 3.557930e+000 4.571554e+000
<GCONST> 1.095938e+002
<STATE> 3
<MEAN> 25
 6.255458e+000 -4.698178e+000 -2.789322e+000 2.500365e+000 -3.721931e+000 -8.693240e-001 -6.497987e+000 -9.359544e-001 6.681669e+000 2.228700e+000 1.235500e+000 -2.625165e+000 -1.033994e-001 3.080161e-001 4.993033e-001 7.524233e-001 2.470939e-001 -3.533902e-001 -1.337832e-002 -2.371746e-001 -4.104925e-001 -2.514932e-001 1.734338e-001 5.247707e-001 -9.802032e-001
<VARIANCE> 25
 1.825062e+001 2.525384e+001 4.302473e+001 3.790676e+001 4.569768e+001 4.491033e+001 5.711899e+001 6.666134e+001 4.591682e+001 3.967233e+001 3.543975e+001 3.045534e+001 2.477569e+000 2.651128e+000 2.893677e+000 3.807962e+000 4.682307e+000 4.839094e+000 5.103479e+000 5.588786e+000 4.828735e+000 4.470545e+000 3.718170e+000 3.600071e+000 3.466661e+000
<GCONST> 1.075026e+002
<STATE> 4
<MEAN> 25
 1.868972e+000 -2.300176e+000 -2.414439e+000 3.107409e+000 -3.292675e-001 -6.960174e-001 -1.979949e+000 -5.637009e-001 3.757223e+000 1.666887e-001 2.939219e-001 1.433530e-001 -1.572259e-001 1.729494e-001 3.117488e-001 -8.629632e-002 1.392798e-001 6.199367e-004 2.322563e-001 6.426769e-002 -5.958425e-001 -1.133894e-001 4.763819e-002 2.050641e-001 -3.546056e-001
<VARIANCE> 25
 4.782618e+001 3.471424e+001 4.740617e+001 3.496312e+001 4.516450e+001 4.440406e+001 6.136713e+001 5.159171e+001 4.228315e+001 3.886598e+001 3.427047e+001 2.863955e+001 1.892570e+000 2.039955e+000 2.322157e+000 2.156507e+000 3.012466e+000 2.982957e+000 3.220869e+000 3.208598e+000 3.259150e+000 2.621699e+000 2.349223e+000 2.162310e+000 2.590916e+000
<GCONST> 1.029477e+002
<TRANSP> 5
 0.000000e+000 1.000000e+000 0.000000e+000 0.000000e+000 0.000000e+000
 0.000000e+000 4.047127e-001 5.952873e-001 0.000000e+000 0.000000e+000
 0.000000e+000 0.000000e+000 3.519086e-001 6.480914e-001 0.000000e+000
 0.000000e+000 0.000000e+000 0.000000e+000 6.977861e-001 3.022139e-001
 0.000000e+000 0.000000e+000 0.000000e+000 0.000000e+000 0.000000e+000
<ENDHMM>
~h "s"
<BEGINHMM>
<NUMSTATES> 5
<STATE> 2
<MEAN> 25
 -5.514956e+000 5.566188e+000 4.032608e-001 2.530250e+000 4.704908e+000 -4.246919e+000 1.836250e+000 1.350368e+000 1.434443e+000 -5.586190e-001 -1.412369e+000 2.001740e+000 -4.483415e+000 1.931949e+000 -9.441342e-001 8.675537e-001 1.708880e+000 -4.767358e-001 1.758974e+000 6.849109e-001 6.198415e-001 -5.304515e-001 7.059963e-001 7.868921e-001 -6.886963e-001
<VARIANCE> 25
 6.450907e+001 4.302088e+001 4.268224e+001 3.731755e+001 4.380076e+001 4.158940e+001 6.646068e+001 4.923284e+001 4.511395e+001 3.310816e+001 3.532554e+001 2.659279e+001 3.088244e+000 5.614423e+000 3.991515e+000 4.474009e+000 4.788978e+000 4.394219e+000 5.861993e+000 5.300684e+000 4.464609e+000 3.834166e+000 3.574418e+000 2.838690e+000 2.528919e+000
<GCONST> 1.093069e+002
<STATE> 3
<MEAN> 25
 -2.070227e+001 5.441428e+000 -5.333720e+000 1.760985e+000 6.623824e+000 -4.188119e+000 5.004462e+000 2.903632e+000 2.889619e+000 -1.296748e-001 1.924973e+000 4.308238e+000 -8.220217e-001 -5.384325e-001 -5.318467e-001 -2.609741e-001 -1.302461e-001 3.734302e-002 6.784549e-002 8.746405e-002 1.365675e-001 1.390854e-001 2.102504e-001 1.784852e-001 -2.468238e-001
<VARIANCE> 25
 1.913173e+001 2.296195e+001 3.166928e+001 2.958842e+001 2.601994e+001 2.723586e+001 4.692258e+001 3.203006e+001 3.170877e+001 2.281873e+001 2.099835e+001 1.984468e+001 2.948052e+000 1.275789e+000 1.713535e+000 1.387605e+000 1.556675e+000 1.626232e+000 1.707191e+000 1.714044e+000 1.718271e+000 1.578251e+000 1.504479e+000 1.273588e+000 1.042770e+000
<GCONST> 9.125313e+001
<STATE> 4
<MEAN> 25
 -1.323629e+001 2.495617e+000 -4.488252e+000 1.344366e+000 4.179910e+000 -3.790050e+000 2.893116e+000 1.696400e+000 3.205953e+000 -7.260661e-001 6.891630e-001 2.738714e+000 3.400226e+000 -2.088811e-001 1.055767e+000 -2.208089e-001 -8.488876e-001 9.285934e-002 -1.270618e+000 -7.580621e-001 -2.715441e-001 -4.587338e-002 -6.404803e-001 -9.432632e-001 1.502554e-001
<VARIANCE> 25
 6.780222e+001 2.606570e+001 3.554664e+001 2.803681e+001 3.057975e+001 3.653237e+001 5.049236e+001 3.566549e+001 3.294195e+001 2.533387e+001 2.411449e+001 2.268466e+001 8.605198e+000 3.179082e+000 3.674993e+000 3.202470e+000 3.021405e+000 3.392786e+000 4.733007e+000 3.962671e+000 3.676880e+000 2.639282e+000 2.708928e+000 2.528246e+000 5.124369e+000
<GCONST> 1.047384e+002
<TRANSP> 5
 0.000000e+000 1.000000e+000 0.000000e+000 0.000000e+000 0.000000e+000
 0.000000e+000 7.064160e-001 2.935840e-001 0.000000e+000 0.000000e+000
 0.000000e+000 0.000000e+000 8.470376e-001 1.529624e-001 0.000000e+000
 0.000000e+000 0.000000e+000 0.000000e+000 7.551692e-001 2.448308e-001
 0.000000e+000 0.000000e+000 0.000000e+000 0.000000e+000 0.000000e+000
<ENDHMM>
~h "t"
<BEGINHMM>
<NUMSTATES> 5
<STATE> 2
<MEAN> 25
 -1.955821e-001 4.255280e+000 -1.074070e+000 2.171875e+000 1.722079e+000 -2.614234e+000 7.012386e-001 -1.238796e+000 2.364377e+000 1.817600e-001 -1.030035e+000 -2.344714e-002 -8.054756e-001 2.838398e-001 -2.745054e-001 2.808422e-001 1.291270e-001 -1.852003e-002 7.092729e-001 -8.304712e-002 1.025472e-001 -2.894822e-001 1.491249e-001 3.295693e-001 -1.837248e+000
<VARIANCE> 25
 2.570331e+001 2.489067e+001 3.065505e+001 2.954682e+001 2.803421e+001 3.301939e+001 3.961058e+001 3.654486e+001 3.584152e+001 2.929371e+001 2.692021e+001 2.352750e+001 1.747053e+000 2.768873e+000 1.897443e+000 2.475452e+000 2.692500e+000 2.466508e+000 2.960542e+000 2.812764e+000 2.582872e+000 2.322946e+000 2.092592e+000 1.813898e+000 6.566468e+000
<GCONST> 9.887621e+001
<STATE> 3
<MEAN> 25
 -4.631834e+000 3.232698e+000 -1.730351e+000 2.364155e+000 1.941538e+000 -2.733638e+000 3.121347e+000 -1.366400e+000 2.121445e+000 -6.320061e-001 -2.556415e-001 1.746392e+000 -1.546986e+000 -1.786465e+000 -7.739788e-001 -9.974467e-001 2.035253e-001 -3.250413e-001 -2.371023e-002 4.251890e-001 5.051625e-002 -1.187749e-001 3.543599e-001 3.874458e-001 3.615825e+000
<VARIANCE> 25
 2.701545e+001 2.718699e+001 2.612546e+001 2.432374e+001 2.544640e+001 3.060638e+001 3.156452e+001 3.082451e+001 3.118408e+001 2.421965e+001 2.319574e+001 2.072575e+001 3.174901e+000 3.332749e+000 3.224792e+000 3.329844e+000 3.142656e+000 3.491225e+000 3.802087e+000 3.456142e+000 3.912601e+000 2.609360e+000 2.940078e+000 2.384385e+000 1.178327e+001
<GCONST> 1.017822e+002
<STATE> 4
<MEAN> 25
 -6.345761e+000 -1.758994e+000 -3.857461e+000 -1.403852e+000 1.938405e+000 -3.795887e+000 1.260522e+000 -1.017511e-001 2.791762e+000 -2.244235e-001 -1.565496e-001 1.457164e+000 1.412535e+000 -9.011931e-001 1.851674e-001 -1.278002e+000 -5.274191e-001 8.089533e-002 -1.820688e+000 -3.553163e-003 3.523255e-002 3.084462e-001 -1.125941e-001 -9.424453e-001 5.136716e+000
<VARIANCE> 25
 3.442981e+001 2.776420e+001 2.589762e+001 3.064972e+001 2.945475e+001 3.871942e+001 4.169299e+001 3.027446e+001 3.146871e+001 2.584523e+001 2.368474e+001 2.446827e+001 5.363828e+000 4.522108e+000 4.711068e+000 5.315270e+000 4.133780e+000 5.364973e+000 6.090018e+000 5.612077e+000 5.693556e+000 3.833683e+000 3.904305e+000 3.753233e+000 1.395871e+001
<GCONST> 1.081733e+002
<TRANSP> 5
 0.000000e+000 1.000000e+000 0.000000e+000 0.000000e+000 0.000000e+000
 0.000000e+000 8.125233e-001 1.874767e-001 0.000000e+000 0.000000e+000
 0.000000e+000 0.000000e+000 4.555776e-001 5.444223e-001 0.000000e+000
 0.000000e+000 0.000000e+000 0.000000e+000 5.491507e-001 4.508493e-001
 0.000000e+000 0.000000e+000 0.000000e+000 0.000000e+000 0.000000e+000
<ENDHMM>
~h "u"
<BEGINHMM>
<NUMSTATES> 5
<STATE> 2
<MEAN> 25
 5.339511e+000 3.982948e+000 -1.216150e+000 -3.062855e+000 -2.699514e+000 1.844327e+000 -6.417861e+000 -5.017808e+000 -3.502206e+000 -1.207112e-001 2.617579e+000 1.588978e-001 2.164153e+000 9.645393e-001 -1.571357e-002 -2.296045e+000 -1.731529e+000 1.992506e+000 -1.592687e+000 -9.170782e-001 -1.508564e+000 -5.789096e-002 1.303596e+000 -5.281250e-002 1.318151e+000
<VARIANCE> 25
 2.789367e+001 3.352456e+001 4.225401e+001 6.586999e+001 4.755946e+001 4.572174e+001 7.657259e+001 6.034546e+001 4.550638e+001 4.133544e+001 3.326666e+001 2.854268e+001 4.715662e+000 3.310644e+000 4.675773e+000 5.738646e+000 5.700903e+000 4.988532e+000 6.511481e+000 7.504272e+000 5.616575e+000 5.289306e+000 3.851644e+000 3.488888e+000 4.431358e+000
<GCONST> 1.119901e+002
<STATE> 3
<MEAN> 25
 8.815601e+000 5.601975e+000 -2.001950e+000 -9.429769e+000 -6.492956e+000 8.488441e+000 -8.042420e+000 -5.952923e+000 -6.463533e+000 -1.675747e+000 6.080555e+000 1.180982e+000 2.975553e-001 2.379698e-001 -7.996675e-002 -9.804057e-001 -2.976802e-001 9.453568e-001 -1.152291e-002 3.317018e-002 -4.241954e-001 -1.610515e-001 4.362294e-001 2.738489e-001 2.611370e-002
<VARIANCE> 25
 1.053967e+001 3.083565e+001 2.670996e+001 5.836311e+001 4.182053e+001 3.956864e+001 5.723255e+001 7.383034e+001 5.195776e+001 5.481008e+001 3.763211e+001 3.489885e+001 6.553225e-001 2.456286e+000 1.469575e+000 3.622072e+000 3.072055e+000 2.681052e+000 4.001753e+000 4.445095e+000 3.550257e+000 3.860834e+000 2.937530e+000 2.457556e+000 1.928638e+000
<GCONST> 1.023640e+002
<STATE> 4
<MEAN> 25
 8.284988e+000 6.186879e+000 -1.566970e+000 -8.503739e+000 -4.671507e+000 6.242023e+000 -6.512543e+000 -4.595407e+000 -5.141647e+000 -6.322340e-001 4.233499e+000 2.213181e-001 -3.647980e-001 -2.997376e-001 2.914801e-001 1.313784e+000 6.517497e-001 -9.283414e-001 5.320475e-001 -1.048649e-002 8.380336e-001 3.799498e-001 -6.274639e-001 -2.288404e-001 -8.659119e-001
<VARIANCE> 25
 1.386876e+001 3.781725e+001 2.978941e+001 6.621959e+001 4.485729e+001 4.299025e+001 7.228448e+001 6.590554e+001 5.086709e+001 5.184142e+001 3.981166e+001 3.615269e+001 9.563729e-001 2.159322e+000 1.826924e+000 3.643707e+000 3.133044e+000 3.161933e+000 3.888016e+000 3.680687e+000 3.526484e+000 3.474610e+000 2.910995e+000 2.626651e+000 3.203974e+000
<GCONST> 1.042585e+002
<TRANSP> 5
 0.000000e+000 1.000000e+000 0.000000e+000 0.000000e+000 0.000000e+000
 0.000000e+000 5.387335e-001 4.612665e-001 0.000000e+000 0.000000e+000
 0.000000e+000 0.000000e+000 6.472406e-001 3.527594e-001 0.000000e+000
 0.000000e+000 0.000000e+000 0.000000e+000 7.734097e-001 2.265903e-001
 0.000000e+000 0.000000e+000 0.000000e+000 0.000000e+000 0.000000e+000
<ENDHMM>
~h "w"
<BEGINHMM>
<NUMSTATES> 5
<STATE> 2
<MEAN> 25
 7.983078e+000 1.270297e+000 -2.426851e+000 -7.629719e+000 -2.647596e+000 5.562303e+000 -3.430196e+000 -1.867077e+000 -2.362539e+000 1.319343e+000 3.361551e+000 -1.081063e+000 1.470861e+000 1.140172e+000 -9.099879e-002 -1.981748e+000 -1.194232e+000 1.375621e+000 -9.861305e-002 -3.717116e-001 -1.278085e+000 -6.006157e-001 9.323552e-001 7.638140e-001 1.341567e-001
<VARIANCE> 25
 2.417618e+001 6.639553e+001 3.044338e+001 7.394171e+001 4.099091e+001 5.886818e+001 5.871646e+001 4.970878e+001 5.414894e+001 4.663031e+001 4.250734e+001 3.754980e+001 2.439676e+000 2.714407e+000 2.579679e+000 3.883927e+000 4.210789e+000 4.407115e+000 4.098409e+000 4.494833e+000 3.944662e+000 3.650320e+000 3.341333e+000 3.106201e+000 4.208892e+000
<GCONST> 1.084975e+002
<STATE> 3
<MEAN> 25
 1.137208e+001 3.517776e+000 -2.262233e+000 -1.518319e+001 -8.027286e+000 1.045932e+001 -4.665467e+000 -9.271474e-001 -3.398276e+000 -2.213702e+000 5.121808e+000 1.534530e+000 -1.004535e-001 -6.212627e-001 -2.885316e-001 -6.338149e-001 1.771647e-002 5.929062e-001 -7.752489e-002 -9.281190e-002 3.236301e-001 2.983496e-001 4.220032e-001 -6.146945e-003 6.608402e-001
<VARIANCE> 25
 9.301155e+000 3.190125e+001 1.814248e+001 4.495504e+001 4.139407e+001 4.088504e+001 3.433485e+001 4.455152e+001 4.836913e+001 3.503058e+001 2.868115e+001 2.729807e+001 5.458025e-001 3.412071e+000 1.503911e+000 2.842741e+000 2.795831e+000 2.907821e+000 2.248228e+000 2.222897e+000 2.516411e+000 3.501026e+000 2.410536e+000 2.505190e+000 2.298756e+000
<GCONST> 9.779410e+001
<STATE> 4
<MEAN> 25
 8.341866e+000 -3.964474e+000 -5.544904e+000 -1.551892e+001 -2.777722e+000 1.274744e+001 -3.267362e+000 -2.039315e+000 8.425565e-001 2.249695e+000 5.543985e+000 -3.138485e+000 -6.626047e-001 -1.368352e+000 -3.288438e-001 1.044448e+000 1.214039e+000 -5.576867e-001 -1.620825e-001 3.090236e-001 1.104668e+000 6.541588e-001 -1.015126e+000 -1.528895e+000 8.462439e-001
<VARIANCE> 25
 9.568201e+000 3.608625e+001 2.390895e+001 4.207296e+001 3.324903e+001 3.919550e+001 4.313977e+001 3.903569e+001 4.756635e+001 4.709601e+001 3.279330e+001 3.814336e+001 3.448228e-001 1.520549e+000 9.984387e-001 2.004607e+000 1.966247e+000 2.383808e+000 1.503471e+000 1.781478e+000 2.147521e+000 1.823214e+000 2.058794e+000 2.404840e+000 7.555895e-001
<GCONST> 9.341487e+001
<TRANSP> 5
 0.000000e+000 1.000000e+000 0.000000e+000 0.000000e+000 0.000000e+000
 0.000000e+000 6.691725e-001 3.308276e-001 0.000000e+000 0.000000e+000
 0.000000e+000 0.000000e+000 7.595921e-001 2.404079e-001 0.000000e+000
 0.000000e+000 0.000000e+000 0.000000e+000 7.263458e-001 2.736542e-001
 0.000000e+000 0.000000e+000 0.000000e+000 0.000000e+000 0.000000e+000
<ENDHMM>
~h "y"
<BEGINHMM>
<NUMSTATES> 5
<STATE> 2
<MEAN> 25
 3.890823e-001 -7.831046e-001 8.891915e+000 -1.493066e+000 -6.618139e+000 -4.459831e+000 -3.094345e+000 3.562712e+000 -2.683097e+000 -2.097152e+000 2.176035e+000 1.348853e+000 -9.825262e-002 8.617638e-001 2.467193e+000 -1.265244e-002 -1.222432e+000 -3.940408e-001 -1.096575e+000 -5.247424e-001 -1.443869e+000 -3.087871e-001 1.190676e+000 7.059635e-001 4.951060e-001
<VARIANCE> 25
 2.503590e+001 5.644104e+001 6.967146e+001 3.541558e+001 5.706456e+001 5.088868e+001 5.158891e+001 6.499116e+001 6.126228e+001 4.110003e+001 3.366280e+001 2.866015e+001 1.980624e+000 2.582277e+000 3.733778e+000 2.716061e+000 3.533730e+000 3.461650e+000 3.678317e+000 4.267459e+000 3.807063e+000 3.659167e+000 2.691081e+000 2.424392e+000 4.125507e+000
<GCONST> 1.069389e+002
<STATE> 3
<MEAN> 25
 9.525617e-001 2.479078e-001 1.671175e+001 -1.097164e+000 -1.205486e+001 -4.433280e+000 -7.886947e+000 8.886186e-001 -7.285887e+000 -2.710600e+000 6.057399e+000 3.484061e+000 2.393409e-001 -9.625050e-001 -1.001212e+000 -3.583756e-001 -5.541541e-001 -5.164009e-001 1.898281e-001 1.000899e+000 9.442471e-001 5.166504e-001 7.022344e-002 7.111351e-002 8.974749e-001
<VARIANCE> 25
 9.965123e+000 2.470303e+001 3.655636e+001 3.593462e+001 2.493092e+001 3.726548e+001 2.896693e+001 4.687764e+001 5.235950e+001 5.517534e+001 2.541931e+001 2.801413e+001 5.533831e-001 2.083143e+000 3.288386e+000 1.388554e+000 2.001662e+000 1.736144e+000 2.079074e+000 3.680557e+000 3.447588e+000 2.074852e+000 1.547237e+000 1.409429e+000 1.571046e+000
<GCONST> 9.535867e+001
<STATE> 4
<MEAN> 25
 2.484683e+000 -6.997013e+000 5.857430e+000 -4.494761e+000 -1.043295e+001 -6.703462e+000 -2.681954e+000 1.064454e+001 7.445111e-001 -1.344311e+000 1.818471e+000 3.305645e-001 3.254357e-001 -1.162355e+000 -2.092299e+000 -2.842653e-001 1.437739e+000 8.598524e-001 7.156899e-001 1.036503e+000 1.268367e+000 -4.135334e-001 -1.672526e+000 -1.195826e+000 4.703354e-001
<VARIANCE> 25
 8.944645e+000 1.991740e+001 2.940210e+001 2.266578e+001 3.021469e+001 2.729653e+001 4.273253e+001 5.514454e+001 4.689964e+001 2.896450e+001 3.463361e+001 2.502675e+001 2.471740e-001 9.900441e-001 1.990655e+000 8.719540e-001 1.932947e+000 1.515364e+000 1.949296e+000 3.047479e+000 1.962642e+000 2.318929e+000 2.220632e+000 1.809289e+000 3.302360e-001
<GCONST> 8.988879e+001
<TRANSP> 5
 0.000000e+000 1.000000e+000 0.000000e+000 0.000000e+000 0.000000e+000
 0.000000e+000 7.636986e-001 2.363014e-001 0.000000e+000 0.000000e+000
 0.000000e+000 0.000000e+000 7.630028e-001 2.369972e-001 0.000000e+000
 0.000000e+000 0.000000e+000 0.000000e+000 7.408599e-001 2.591401e-001
 0.000000e+000 0.000000e+000 0.000000e+000 0.000000e+000 0.000000e+000
<ENDHMM>
~h "z"
<BEGINHMM>
<NUMSTATES> 5
<STATE> 2
<MEAN> 25
 -1.334005e+000 8.453967e+000 2.193871e+000 5.257565e+000 2.207797e+000 -6.145093e+000 -1.532889e+000 -9.963411e-001 8.045980e-001 -9.343630e-001 -1.926304e+000 1.901995e+000 -2.041181e+000 2.186213e+000 -7.309313e-001 1.023142e+000 1.389141e+000 -2.744180e-001 1.206564e+000 -5.571391e-002 6.786687e-001 -3.403253e-001 1.574446e-001 5.907594e-001 -8.983151e-001
<VARIANCE> 25
 3.491058e+001 4.225439e+001 4.240379e+001 3.024286e+001 4.100394e+001 3.685390e+001 7.111681e+001 4.648014e+001 4.144106e+001 4.134810e+001 3.052928e+001 2.989961e+001 2.906551e+000 3.995726e+000 2.801322e+000 2.668708e+000 2.946664e+000 3.746094e+000 3.867938e+000 5.454792e+000 3.816711e+000 3.524997e+000 2.680666e+000 2.580502e+000 2.610247e+000
<GCONST> 1.054940e+002
<STATE> 3
<MEAN> 25
 -1.155260e+001 1.372188e+001 8.263156e-001 8.248753e+000 6.481882e+000 -6.246047e+000 2.500691e+000 -6.969785e-001 1.452638e+000 -7.332340e-001 -2.718191e-002 4.302152e+000 -1.097693e+000 -3.443358e-001 -5.540986e-002 2.462297e-002 2.310694e-001 1.521471e-001 3.152552e-001 7.457520e-002 -1.239670e-001 1.919898e-002 2.753219e-001 2.558977e-001 1.001880e-001
<VARIANCE> 25
 3.793762e+001 3.054792e+001 3.043233e+001 2.940011e+001 2.389773e+001 3.072573e+001 5.485366e+001 2.751291e+001 3.264299e+001 2.818638e+001 1.976403e+001 2.249373e+001 2.405279e+000 1.955570e+000 1.432717e+000 1.308432e+000 2.047563e+000 1.952841e+000 1.907471e+000 1.801515e+000 1.731171e+000 1.332539e+000 1.388529e+000 1.300049e+000 1.653294e+000
<GCONST> 9.336484e+001
<STATE> 4
<MEAN> 25
 -1.030878e+001 4.336554e+000 -9.024504e-001 2.851136e+000 4.400364e+000 -1.119047e+000 1.756204e+000 1.786766e+000 9.722472e-001 -5.740236e-001 7.233413e-001 3.508678e+000 6.303765e-001 -3.906762e-001 3.174856e-001 -2.249261e-001 -5.343521e-001 -2.626567e-001 -4.916349e-001 -2.069160e-001 1.500853e-002 6.313057e-002 -2.810750e-003 -5.837911e-002 6.294494e-001
<VARIANCE> 25
 5.813536e+001 4.391235e+001 3.909908e+001 2.653993e+001 3.538413e+001 3.672884e+001 3.884300e+001 2.968966e+001 2.815292e+001 1.921863e+001 1.894419e+001 1.831093e+001 3.910253e+000 2.420796e+000 2.006097e+000 1.775035e+000 2.869496e+000 2.088381e+000 2.586787e+000 2.489816e+000 2.045203e+000 1.663284e+000 1.592257e+000 1.494461e+000 2.182783e+000
<GCONST> 9.714201e+001
<TRANSP> 5
 0.000000e+000 1.000000e+000 0.000000e+000 0.000000e+000 0.000000e+000
 0.000000e+000 7.556207e-001 2.443794e-001 0.000000e+000 0.000000e+000
 0.000000e+000 0.000000e+000 7.632836e-001 2.367164e-001 0.000000e+000
 0.000000e+000 0.000000e+000 0.000000e+000 8.604557e-001 1.395443e-001
 0.000000e+000 0.000000e+000 0.000000e+000 0.000000e+000 0.000000e+000
<ENDHMM>
~h "ai"
<BEGINHMM>
<NUMSTATES> 5
<STATE> 2
<MEAN> 25
 4.690313e+000 -1.140169e+001 -2.555600e+000 -5.558287e+000 -1.804697e+000 6.882778e-001 -3.725015e+000 8.615626e+000 3.543925e+000 -9.878247e-001 -3.915671e+000 -5.310627e+000 -1.321076e-001 -7.182503e-001 1.083010e+000 3.736259e-002 -1.105921e+000 -1.118660e+000 6.404637e-001 1.971019e+000 -3.044816e-001 -8.143797e-001 -2.467966e-001 4.790080e-001 5.808275e-001
<VARIANCE> 25
 8.446267e+000 1.992356e+001 3.872814e+001 2.107183e+001 4.103165e+001 6.599142e+001 3.397358e+001 4.337603e+001 4.081915e+001 3.889800e+001 3.994688e+001 2.641649e+001 8.905092e-001 1.853614e+000 1.643110e+000 2.059750e+000 2.742964e+000 3.743761e+000 2.574280e+000 3.311625e+000 2.219186e+000 2.023055e+000 2.851621e+000 2.219151e+000 9.933647e-001
<GCONST> 9.684064e+001
<STATE> 3
<MEAN> 25
 3.301518e+000 -8.832245e+000 6.172926e+000 -4.904133e+000 -1.065345e+001 -7.153766e+000 -8.956060e-001 1.261822e+001 -1.159514e+000 -4.377398e-001 1.642706e+000 -7.262681e-001 -2.925438e-001 8.681562e-001 1.654455e+000 -8.095045e-002 -1.306901e+000 -5.592971e-001 -1.228302e-001 -8.216676e-001 -1.183349e+000 6.786462e-001 1.385742e+000 5.698051e-001 -3.911583e-001
<VARIANCE> 25
 6.555350e+000 1.419852e+001 2.839656e+001 1.712032e+001 2.547845e+001 3.155656e+001 3.306776e+001 3.790163e+001 4.050765e+001 2.917874e+001 4.125211e+001 2.269305e+001 2.224901e-001 9.473295e-001 1.242854e+000 8.254578e-001 1.363837e+000 1.512224e+000 1.848571e+000 2.443363e+000 1.879247e+000 1.657686e+000 1.730512e+000 1.286989e+000 2.826050e-001
<GCONST> 8.578036e+001
<STATE> 4
<MEAN> 25
 2.003664e+000 -1.461769e+000 1.268765e+001 -3.194592e+000 -1.222180e+001 -7.431418e+000 -2.957824e+000 3.243417e+000 -6.123871e+000 2.068619e+000 4.595087e+000 5.738631e-001 5.689941e-003 8.882843e-001 -1.906039e-001 6.105101e-001 7.879239e-001 1.985991e-001 9.965532e-002 -8.720441e-001 3.555841e-002 -1.721907e-001 -3.390814e-001 5.209473e-002 -1.401369e+000
<VARIANCE> 25
 1.048510e+001 3.154742e+001 3.705190e+001 3.285617e+001 3.003526e+001 3.944347e+001 3.598376e+001 5.972844e+001 4.208099e+001 3.839494e+001 3.351046e+001 2.663276e+001 7.887429e-001 1.432733e+000 2.326627e+000 1.839472e+000 2.465022e+000 1.955129e+000 2.531616e+000 2.847370e+000 3.000597e+000 2.038650e+000 1.763888e+000 1.380438e+000 2.150029e+000
<GCONST> 9.637504e+001
<TRANSP> 5
 0.000000e+000 1.000000e+000 0.000000e+000 0.000000e+000 0.000000e+000
 0.000000e+000 7.308114e-001 2.691886e-001 0.000000e+000 0.000000e+000
 0.000000e+000 0.000000e+000 7.851256e-001 2.148744e-001 0.000000e+000
 0.000000e+000 0.000000e+000 0.000000e+000 8.576346e-001 1.423654e-001
 0.000000e+000 0.000000e+000 0.000000e+000 0.000000e+000 0.000000e+000
<ENDHMM>
~h "au"
<BEGINHMM>
<NUMSTATES> 5
<STATE> 2
<MEAN> 25
 6.175002e+000 -5.686178e+000 -7.139102e+000 -9.120448e+000 8.479860e-002 1.007540e+001 -4.674491e+000 -1.610127e+000 6.720355e+000 1.669068e+000 -6.123982e-001 -7.144922e+000 2.284708e-001 5.905824e-002 -3.248505e-001 -7.421365e-001 -5.600421e-002 1.188192e+000 -1.745356e-001 -4.370862e-001 -2.230126e-002 -1.215512e-001 7.667477e-001 -9.703159e-002 1.880709e-002
<VARIANCE> 25
 8.470584e+000 2.149780e+001 1.914708e+001 2.704432e+001 2.495791e+001 3.298862e+001 3.138862e+001 3.651150e+001 2.426295e+001 2.686497e+001 2.679031e+001 2.077533e+001 5.482574e-001 1.108426e+000 9.752721e-001 1.297850e+000 1.532448e+000 2.180022e+000 1.672107e+000 2.004962e+000 1.826765e+000 1.781643e+000 2.360466e+000 1.576777e+000 5.653606e-001
<GCONST> 8.803765e+001
<STATE> 3
<MEAN> 25
 7.828239e+000 -1.386579e+000 -7.300183e+000 -1.544953e+001 -3.304461e+000 1.490292e+001 -4.703508e+000 -3.361229e+000 3.615533e+000 -2.073247e-001 5.655121e+000 -3.339379e+000 2.823595e-001 9.348380e-001 1.826568e-001 -4.883732e-001 -5.684625e-001 4.272121e-002 -6.196043e-002 7.172479e-002 -7.205341e-001 -3.913088e-001 5.224948e-001 8.496238e-001 -5.273986e-001
<VARIANCE> 25
 7.508080e+000 1.792387e+001 1.503699e+001 3.411055e+001 2.579546e+001 2.273540e+001 3.471653e+001 2.967687e+001 3.309061e+001 3.010442e+001 2.255056e+001 3.379567e+001 2.238851e-001 9.477432e-001 5.190731e-001 9.906194e-001 1.072993e+000 1.118564e+000 1.160200e+000 1.127957e+000 1.399087e+000 1.644837e+000 1.440782e+000 1.566006e+000 3.514957e-001
<GCONST> 8.277857e+001
<STATE> 4
<MEAN> 25
 6.665209e+000 4.737757e+000 -3.936741e+000 -1.029720e+001 -3.980041e+000 7.576443e+000 -3.530414e+000 -1.013335e+000 -1.845199e+000 -1.521660e+000 3.684269e+000 5.358496e-001 -1.494227e-001 2.350787e-001 3.142678e-001 1.088263e+000 2.203021e-001 -7.805753e-001 4.315509e-003 -2.082596e-002 -2.418914e-001 1.633918e-001 -3.898784e-001 -6.931057e-002 -8.696402e-001
<VARIANCE> 25
 3.550488e+001 2.892432e+001 2.502149e+001 1.038190e+002 4.493140e+001 4.734958e+001 5.487074e+001 4.323026e+001 4.252379e+001 4.453754e+001 3.193148e+001 3.181985e+001 6.273240e-001 1.353206e+000 1.190618e+000 2.609975e+000 1.823403e+000 2.190380e+000 2.616831e+000 2.109784e+000 2.433262e+000 2.394083e+000 1.921228e+000 1.911801e+000 1.103983e+000
<GCONST> 9.787345e+001
<TRANSP> 5
 0.000000e+000 1.000000e+000 0.000000e+000 0.000000e+000 0.000000e+000
 0.000000e+000 8.043841e-001 1.956159e-001 0.000000e+000 0.000000e+000
 0.000000e+000 0.000000e+000 8.587037e-001 1.412963e-001 0.000000e+000
 0.000000e+000 0.000000e+000 0.000000e+000 8.667020e-001 1.332981e-001
 0.000000e+000 0.000000e+000 0.000000e+000 0.000000e+000 0.000000e+000
<ENDHMM>
~h "kh"
<BEGINHMM>
<NUMSTATES> 5
<STATE> 2
<MEAN> 25
 -2.230835e+000 1.273022e-001 -2.928968e+000 1.121227e+000 5.170694e+000 4.509492e-001 3.247008e+000 4.217411e-001 1.839845e-001 8.767834e-001 -1.102422e+000 1.555485e+000 -1.395941e+000 -4.913990e-001 -1.245534e+000 2.288453e-002 1.197019e+000 -3.776456e-001 2.911924e-001 3.347291e-001 2.484957e-001 7.178290e-002 6.333267e-002 4.781853e-001 6.512737e-002
<VARIANCE> 25
 4.390933e+001 5.027866e+001 5.009098e+001 4.498592e+001 5.324793e+001 6.532687e+001 4.363831e+001 4.086858e+001 5.147261e+001 4.023463e+001 4.227555e+001 2.739746e+001 4.279066e+000 5.366689e+000 5.494615e+000 4.558735e+000 5.908324e+000 5.148067e+000 5.239500e+000 3.879220e+000 4.630534e+000 3.607953e+000 3.525191e+000 2.601945e+000 8.101402e+000
<GCONST> 1.116036e+002
<STATE> 3
<MEAN> 25
 -7.977046e+000 -5.203908e+000 -1.087132e+001 -2.936801e+000 1.006656e+001 -3.555378e-001 1.045039e+000 2.671747e+000 2.743521e+000 2.420189e+000 1.103471e+000 2.432964e+000 -4.396762e-001 -3.309004e-001 -3.947239e-001 -2.983131e-001 -1.584238e-001 2.042236e-001 1.979930e-001 9.173836e-002 -5.688491e-002 9.178609e-003 3.679441e-001 4.483916e-002 8.701195e-002
<VARIANCE> 25
 2.152785e+001 3.037698e+001 4.500392e+001 5.138736e+001 5.429176e+001 5.436511e+001 5.448251e+001 3.910704e+001 4.579020e+001 3.737420e+001 2.983084e+001 3.630830e+001 1.513692e+000 2.083513e+000 2.892002e+000 2.801010e+000 3.299078e+000 3.451967e+000 3.195316e+000 2.671076e+000 2.566551e+000 2.764209e+000 2.225081e+000 2.205071e+000 1.898671e+000
<GCONST> 1.022713e+002
<STATE> 4
<MEAN> 25
 -5.056300e+000 -3.086698e-001 -5.324009e+000 1.017669e+000 3.874587e+000 1.913067e+000 4.210476e+000 6.130931e-001 1.249318e+000 -1.022148e+000 1.315714e+000 1.581614e+000 4.228368e-001 2.326054e-001 3.073872e-001 -3.430629e-002 -2.852190e-001 7.920220e-002 1.419575e-002 -2.039686e-001 -1.142365e-001 -9.062912e-002 -7.395475e-002 -1.519955e-001 1.275904e-001
<VARIANCE> 25
 3.004288e+001 3.963200e+001 4.135072e+001 3.889318e+001 3.696883e+001 3.769543e+001 3.294840e+001 2.953943e+001 3.378481e+001 2.904333e+001 2.036571e+001 2.280847e+001 2.292087e+000 1.579327e+000 1.935042e+000 1.845774e+000 1.784670e+000 1.962643e+000 2.102385e+000 2.257353e+000 2.066741e+000 1.866336e+000 1.667147e+000 1.623975e+000 1.762475e+000
<GCONST> 9.584512e+001
<TRANSP> 5
 0.000000e+000 1.000000e+000 0.000000e+000 0.000000e+000 0.000000e+000
 0.000000e+000 7.658485e-001 2.341515e-001 0.000000e+000 0.000000e+000
 0.000000e+000 0.000000e+000 7.562721e-001 2.437279e-001 0.000000e+000
 0.000000e+000 0.000000e+000 0.000000e+000 9.006166e-001 9.938332e-002
 0.000000e+000 0.000000e+000 0.000000e+000 0.000000e+000 0.000000e+000
<ENDHMM>
~h "ng"
<BEGINHMM>
<NUMSTATES> 5
<STATE> 2
<MEAN> 25
 7.254894e+000 -2.010881e+000 5.392150e-001 -2.741978e+000 -2.741151e+000 3.607833e+000 -6.915683e-001 -9.801646e-001 -4.791125e+000 3.538669e+000 -2.319173e+000 -5.795816e+000 4.714425e-001 1.227588e+000 1.497558e+000 1.124020e+000 -1.447603e+000 -2.039549e-001 1.637191e+000 -2.468756e+000 -9.567720e-001 7.569761e-001 -1.152001e+000 1.661820e+000 -1.376985e+000
<VARIANCE> 25
 8.382988e+000 3.004407e+001 3.096188e+001 3.394101e+001 4.722980e+001 4.630341e+001 4.768492e+001 5.551109e+001 4.311442e+001 4.314874e+001 3.855972e+001 4.422391e+001 5.459285e-001 1.559066e+000 2.469887e+000 2.497400e+000 3.162936e+000 2.934187e+000 4.227707e+000 4.013317e+000 5.159433e+000 2.957906e+000 4.076721e+000 3.780831e+000 6.724680e-001
<GCONST> 1.007558e+002
<STATE> 3
<MEAN> 25
 7.919509e+000 2.116904e-001 5.490069e+000 -1.335553e+000 -6.665001e+000 3.361432e+000 1.701458e+000 -6.461243e+000 -5.381518e+000 3.852131e+000 -4.666462e+000 -1.307616e-001 1.142607e-001 5.487044e-001 7.359747e-001 5.224957e-001 -4.031872e-001 -7.800782e-002 3.194082e-001 -8.643931e-001 -1.151562e-001 5.212454e-002 -2.692711e-001 7.173662e-001 -6.694162e-001
<VARIANCE> 25
 7.112741e+000 1.921999e+001 2.342567e+001 3.618912e+001 3.199133e+001 3.900535e+001 4.711974e+001 3.961023e+001 3.859601e+001 3.244942e+001 3.411699e+001 3.294121e+001 3.469450e-001 1.016345e+000 1.498540e+000 1.629622e+000 1.908941e+000 1.792057e+000 2.180934e+000 2.193784e+000 2.188906e+000 1.903897e+000 1.881735e+000 1.734926e+000 5.881229e-001
<GCONST> 9.115105e+001
<STATE> 4
<MEAN> 25
 6.851147e+000 2.256328e+000 5.125171e+000 7.893793e-001 -4.613505e+000 2.813137e+000 2.169887e+000 -6.060310e+000 -5.483027e+000 2.914909e+000 -3.953508e+000 -3.750109e-001 -3.855549e-001 3.057273e-001 -4.351087e-001 3.378142e-001 7.826245e-001 -2.737070e-001 1.025820e-001 4.235678e-001 1.245582e-001 -2.287420e-001 1.820607e-001 -2.910477e-001 -5.913280e-001
<VARIANCE> 25
 1.535167e+001 2.094715e+001 2.824515e+001 4.391700e+001 5.074064e+001 3.514309e+001 5.107931e+001 4.669176e+001 4.070717e+001 3.508763e+001 3.853150e+001 3.022313e+001 7.296534e-001 1.377556e+000 1.578264e+000 1.915624e+000 2.464633e+000 2.037767e+000 2.186677e+000 2.744067e+000 2.325507e+000 1.950508e+000 1.870674e+000 1.889011e+000 2.072324e+000
<GCONST> 9.645108e+001
<TRANSP> 5
 0.000000e+000 1.000000e+000 0.000000e+000 0.000000e+000 0.000000e+000
 0.000000e+000 5.652701e-001 4.347299e-001 0.000000e+000 0.000000e+000
 0.000000e+000 0.000000e+000 6.283935e-001 3.716065e-001 0.000000e+000
 0.000000e+000 0.000000e+000 0.000000e+000 7.658064e-001 2.341936e-001
 0.000000e+000 0.000000e+000 0.000000e+000 0.000000e+000 0.000000e+000
<ENDHMM>
~h "ny"
<BEGINHMM>
<NUMSTATES> 5
<STATE> 2
<MEAN> 25
 5.234838e+000 3.543361e+000 7.962101e+000 1.082238e+000 -5.687398e+000 -3.119954e+000 -1.800870e+000 -1.537729e+000 -6.727526e+000 -2.186146e+000 2.041348e+000 1.455075e+000 -2.375735e-001 -1.535152e-001 5.406611e-001 -6.156141e-001 -5.252823e-001 1.632454e-001 7.086129e-002 4.866252e-001 -2.298067e-001 -2.479320e-001 3.438122e-001 7.265467e-002 4.790202e-001
<VARIANCE> 25
 1.577962e+001 2.797202e+001 3.084914e+001 5.479967e+001 3.398080e+001 3.384802e+001 3.932450e+001 6.852523e+001 4.348935e+001 4.387968e+001 4.265789e+001 4.203996e+001 2.023110e+000 4.976548e+000 3.083610e+000 5.478242e+000 3.519988e+000 3.175160e+000 3.896639e+000 1.036796e+001 4.654250e+000 3.934668e+000 3.683617e+000 2.767947e+000 3.504141e+000
<GCONST> 1.071946e+002
<STATE> 3
<MEAN> 25
 2.906114e+000 -6.783026e+000 7.220352e+000 -4.571788e+000 -8.489517e+000 -1.756429e+000 -1.230436e+000 1.083273e+001 -2.578518e+000 -5.657309e+000 -9.872409e-001 -3.362093e-001 2.297513e-001 -1.757024e+000 -1.655774e+000 3.150210e-001 9.826191e-001 3.033519e-001 -1.029996e-001 1.253070e+000 1.360422e+000 -6.279787e-001 -1.406401e+000 -5.071148e-001 6.149417e-001
<VARIANCE> 25
 7.794484e+000 2.137631e+001 3.039635e+001 2.470358e+001 3.726998e+001 2.498901e+001 2.709567e+001 3.793125e+001 4.726225e+001 3.283230e+001 3.247002e+001 2.140666e+001 3.019660e-001 1.370347e+000 1.120203e+000 1.132498e+000 2.160303e+000 1.327325e+000 1.702201e+000 3.000914e+000 1.660143e+000 2.089315e+000 1.576406e+000 1.694641e+000 5.881470e-001
<GCONST> 8.908221e+001
<STATE> 4
<MEAN> 25
 7.672810e-001 -4.606061e+000 -1.535753e+000 1.027063e+000 2.003256e+000 7.183001e-001 2.848081e-001 6.395643e+000 3.537343e-001 -4.089927e+000 -3.404197e+000 -2.986269e-001 -2.521305e-002 5.475028e-002 -4.211083e-001 1.274264e-001 5.331842e-001 1.853013e-001 -4.849230e-002 -2.978944e-001 1.674113e-001 2.033101e-001 -1.246192e-001 -1.163580e-001 -5.511843e-001
<VARIANCE> 25
 1.860642e+001 4.474668e+001 2.269529e+001 2.768465e+001 3.977477e+001 2.210253e+001 2.918480e+001 5.352816e+001 3.549960e+001 3.525662e+001 2.742658e+001 2.336152e+001 3.908293e-001 8.928131e-001 1.102985e+000 1.030209e+000 1.582655e+000 1.217603e+000 1.458859e+000 1.465291e+000 1.499676e+000 1.418895e+000 1.328396e+000 1.301255e+000 9.492393e-001
<GCONST> 8.858301e+001
<TRANSP> 5
 0.000000e+000 1.000000e+000 0.000000e+000 0.000000e+000 0.000000e+000
 0.000000e+000 8.743566e-001 1.256434e-001 0.000000e+000 0.000000e+000
 0.000000e+000 0.000000e+000 7.522926e-001 2.477074e-001 0.000000e+000
 0.000000e+000 0.000000e+000 0.000000e+000 8.404131e-001 1.595869e-001
 0.000000e+000 0.000000e+000 0.000000e+000 0.000000e+000 0.000000e+000
<ENDHMM>
~h "oi"
<BEGINHMM>
<NUMSTATES> 5
<STATE> 2
<MEAN> 25
 8.486362e+000 -2.063740e+000 -7.665600e+000 -1.404004e+001 -6.669567e+000 1.249932e+001 -3.298047e+000 -3.849819e+000 3.009815e+000 -5.544531e-001 4.512410e+000 1.114764e+000 -4.439329e-002 -4.813497e-001 8.476745e-002 -8.530072e-001 -1.826267e-001 2.604151e-001 -6.361046e-001 -2.999016e-002 1.118533e-001 8.044716e-001 1.897064e-001 -7.592841e-001 8.892786e-001
<VARIANCE> 25
 1.555728e+001 3.363488e+001 3.074747e+001 6.186828e+001 3.945904e+001 4.787215e+001 5.596240e+001 3.393721e+001 4.209011e+001 4.019086e+001 3.661430e+001 4.379991e+001 1.311036e+000 1.288376e+000 1.260197e+000 5.998591e+000 3.965586e+000 4.774771e+000 3.092785e+000 2.060809e+000 2.913464e+000 3.601252e+000 2.817436e+000 2.728441e+000 1.178374e+000
<GCONST> 1.015588e+002
<STATE> 3
<MEAN> 25
 4.206003e+000 -6.406422e+000 2.223599e+000 -5.890537e+000 -8.030312e+000 -5.240417e+000 -8.922672e+000 4.474349e+000 1.913493e-001 5.392743e+000 2.115006e+000 -3.776115e+000 -6.782462e-001 2.006171e-001 2.299129e+000 1.505194e+000 -1.303385e+000 -2.497301e+000 2.144386e-001 7.702650e-001 -1.408963e+000 -5.150176e-001 9.189273e-002 6.456705e-001 -3.152074e-001
<VARIANCE> 25
 7.317290e+000 2.267822e+001 7.880650e+001 3.892384e+001 4.613097e+001 9.352234e+001 2.392733e+001 6.691518e+001 5.712715e+001 3.426724e+001 4.439451e+001 3.588199e+001 3.436387e-001 1.055803e+000 1.969273e+000 2.193341e+000 2.806632e+000 4.785604e+000 2.298712e+000 4.959560e+000 4.333231e+000 2.866099e+000 4.003220e+000 3.375512e+000 3.900667e-001
<GCONST> 9.945010e+001
<STATE> 4
<MEAN> 25
 -7.125334e-001 7.340411e-001 9.699313e+000 1.157329e+000 -8.738309e+000 -6.410238e+000 -2.438253e+000 -1.392045e+000 -6.600210e+000 2.934575e-003 1.635198e+000 9.227754e-001 -1.573019e-002 3.351285e-001 -3.376547e-001 2.871282e-001 6.308854e-001 2.950938e-001 2.121535e-001 -2.602732e-001 1.834866e-001 -2.073366e-001 -4.057748e-001 3.702121e-002 -9.218243e-001
<VARIANCE> 25
 1.638010e+001 2.606522e+001 7.013799e+001 2.783990e+001 6.020589e+001 6.990340e+001 4.615104e+001 6.633143e+001 5.616829e+001 3.237451e+001 3.303133e+001 3.065564e+001 7.571927e-001 1.184646e+000 2.979262e+000 1.427269e+000 2.205142e+000 1.908962e+000 2.052548e+000 2.846487e+000 2.879341e+000 2.076439e+000 1.673431e+000 1.871192e+000 9.185200e-001
<GCONST> 9.776395e+001
<TRANSP> 5
 0.000000e+000 1.000000e+000 0.000000e+000 0.000000e+000 0.000000e+000
 0.000000e+000 8.974220e-001 1.025780e-001 0.000000e+000 0.000000e+000
 0.000000e+000 0.000000e+000 8.731750e-001 1.268251e-001 0.000000e+000
 0.000000e+000 0.000000e+000 0.000000e+000 8.977180e-001 1.022820e-001
 0.000000e+000 0.000000e+000 0.000000e+000 0.000000e+000 0.000000e+000
<ENDHMM>
~h "sp"
<BEGINHMM>
<NUMSTATES> 3
<STATE> 2
~s "silst"
<TRANSP> 3
 0.000000e+000 7.000000e-001 3.000000e-001
 0.000000e+000 9.000000e-001 9.999999e-002
 0.000000e+000 0.000000e+000 0.000000e+000
<ENDHMM>
~h "sy"
<BEGINHMM>
<NUMSTATES> 5
<STATE> 2
<MEAN> 25
 -6.367359e+000 4.313053e+000 3.731761e+000 2.171142e+000 2.873431e+000 -2.858030e+000 2.724212e+000 9.843689e-001 6.266724e-001 -1.958820e+000 -1.384956e+000 2.598992e+000 -3.899842e+000 7.880900e-001 -1.124901e-001 1.902476e-001 8.816270e-001 4.169152e-001 1.132422e+000 3.326412e-001 6.656550e-001 -3.735728e-001 8.785900e-001 4.473208e-001 -1.042204e-001
<VARIANCE> 25
 7.184393e+001 3.681737e+001 5.119466e+001 3.100075e+001 4.026251e+001 4.764484e+001 4.475471e+001 4.399173e+001 3.677557e+001 2.963368e+001 2.896050e+001 2.495506e+001 4.733425e+000 5.260757e+000 4.156848e+000 3.869795e+000 4.614313e+000 4.553699e+000 5.755203e+000 4.641744e+000 3.904812e+000 3.514975e+000 3.865149e+000 2.802053e+000 2.906283e+000
<GCONST> 1.083098e+002
<STATE> 3
<MEAN> 25
 -2.165414e+001 1.727777e+000 1.187824e+000 -1.717393e+000 2.888571e+000 -1.131985e+000 5.112688e+000 2.091035e+000 2.859272e+000 -2.558848e-001 3.830819e+000 4.512223e+000 -6.119424e-001 -6.732825e-001 -1.621525e-001 -4.283525e-001 -4.514449e-001 4.420482e-002 5.457642e-002 -3.581863e-002 2.430164e-001 3.013656e-001 2.887999e-001 1.849539e-001 1.991438e-001
<VARIANCE> 25
 2.025541e+001 2.388556e+001 3.273399e+001 2.128867e+001 3.677394e+001 3.412722e+001 3.618624e+001 2.921729e+001 3.183769e+001 2.083692e+001 1.666806e+001 1.642243e+001 2.180287e+000 9.343356e-001 1.278062e+000 1.235508e+000 1.434475e+000 1.471250e+000 1.556738e+000 1.544842e+000 1.397289e+000 1.483337e+000 1.367692e+000 1.227383e+000 6.562747e-001
<GCONST> 8.850150e+001
<STATE> 4
<MEAN> 25
 -1.215467e+001 -6.492803e-001 3.783607e+000 -9.187384e-001 -2.758615e+000 -2.447833e+000 1.770023e+000 1.378619e+000 2.295073e+000 -1.698913e+000 2.394802e+000 3.949916e+000 3.078037e+000 -2.039980e-001 6.802753e-001 8.969399e-002 -8.419475e-001 -8.602003e-001 -1.068197e+000 2.821907e-001 -2.845396e-001 -3.464583e-001 -5.625058e-001 -4.113767e-001 8.266836e-001
<VARIANCE> 25
 9.143475e+001 2.458159e+001 4.293459e+001 2.474343e+001 5.569580e+001 3.861634e+001 3.625171e+001 3.350419e+001 2.962789e+001 2.522768e+001 2.198222e+001 1.457974e+001 9.604811e+000 2.776807e+000 3.317843e+000 2.309251e+000 4.188423e+000 2.791198e+000 3.804521e+000 3.618353e+000 3.209553e+000 2.406968e+000 2.754437e+000 1.882517e+000 1.995994e+000
<GCONST> 1.025773e+002
<TRANSP> 5
 0.000000e+000 1.000000e+000 0.000000e+000 0.000000e+000 0.000000e+000
 0.000000e+000 7.543467e-001 2.456533e-001 0.000000e+000 0.000000e+000
 0.000000e+000 0.000000e+000 8.681197e-001 1.318804e-001 0.000000e+000
 0.000000e+000 0.000000e+000 0.000000e+000 8.350611e-001 1.649390e-001
 0.000000e+000 0.000000e+000 0.000000e+000 0.000000e+000 0.000000e+000
<ENDHMM>
~h "sil"
<BEGINHMM>
<NUMSTATES> 5
<STATE> 2
<MEAN> 25
 -5.043707e+000 -3.466972e-001 -1.565551e+000 4.482382e+000 3.167204e+000 1.462703e-001 4.971210e+000 2.081664e+000 6.004659e-001 -5.545581e-001 3.263906e-001 2.606580e+000 1.988806e-001 -1.214367e-001 -2.816847e-001 -4.426125e-002 -1.801672e-001 -9.736469e-001 -5.182419e-001 -4.216850e-001 -2.570131e-001 -5.684383e-001 -8.883222e-002 5.519718e-001 -1.489845e+000
<VARIANCE> 25
 3.820124e+001 3.083549e+001 3.619196e+001 5.983594e+001 4.609093e+001 6.637089e+001 5.154687e+001 6.957170e+001 3.909485e+001 4.039660e+001 3.338266e+001 3.934949e+001 2.694437e+000 3.034351e+000 2.591819e+000 3.720639e+000 2.970104e+000 5.608200e+000 3.766526e+000 5.900997e+000 2.931824e+000 3.458584e+000 2.764448e+000 2.975715e+000 1.933105e+001
<GCONST> 1.091220e+002
<STATE> 3
~s "silst"
<STATE> 4
<MEAN> 25
 -4.951125e+000 2.918495e+000 -2.620805e+000 3.469862e+000 3.880634e+000 -6.322949e-001 4.476519e+000 8.284912e-001 6.782041e-001 -3.272456e-001 6.655799e-001 2.173558e+000 -1.308624e-002 2.439085e-002 4.591355e-003 3.376892e-003 6.646546e-003 1.094025e-002 7.174559e-003 -2.290366e-003 9.353265e-003 2.674318e-002 3.742780e-003 -1.238198e-002 -2.351072e-002
<VARIANCE> 25
 8.228072e+000 1.265352e+001 1.128410e+001 1.370527e+001 1.584433e+001 1.658681e+001 2.121154e+001 2.350982e+001 2.020443e+001 1.800894e+001 1.552554e+001 1.333093e+001 1.575772e-001 3.388123e-001 4.788526e-001 6.572867e-001 8.468034e-001 1.034366e+000 1.159669e+000 1.276230e+000 1.302262e+000 1.280094e+000 1.195057e+000 1.080317e+000 1.049915e-001
<GCONST> 7.333234e+001
<TRANSP> 5
 0.000000e+000 1.000000e+000 0.000000e+000 0.000000e+000 0.000000e+000
 0.000000e+000 7.277623e-001 1.509732e-001 1.212645e-001 0.000000e+000
 0.000000e+000 0.000000e+000 8.358008e-001 1.641991e-001 0.000000e+000
 0.000000e+000 2.164867e-002 0.000000e+000 9.632542e-001 1.509707e-002
 0.000000e+000 0.000000e+000 0.000000e+000 0.000000e+000 0.000000e+000
<ENDHMM>
