~o
<STREAMINFO> 1 25
<VECSIZE> 25<NULLD><MFCC_D_N_Z_0><DIAGC>
~h "@"
<BEGINHMM>
<NUMSTATES> 5
<STATE> 2
<MEAN> 25
 2.432447e-001 -1.804129e-001 -6.545668e-002 1.118962e-001 -2.486862e-001 -2.643149e-001 -2.617590e-001 -1.422945e-001 -6.036697e-003 1.615360e-001 2.872281e-003 -9.037757e-002 1.253962e-002 -1.776021e-003 5.469563e-003 -3.147979e-003 1.250184e-004 3.511550e-003 -3.863891e-003 -7.405952e-004 -3.587704e-003 4.609444e-003 -4.286373e-003 -4.793267e-003 2.356171e-002
<VARIANCE> 25
 6.085561e+001 4.973656e+001 6.044707e+001 5.637286e+001 5.629094e+001 5.297327e+001 6.098866e+001 6.265220e+001 5.296828e+001 3.679097e+001 3.793479e+001 3.465692e+001 2.696182e+000 2.717302e+000 2.686346e+000 3.160278e+000 3.165139e+000 3.017194e+000 3.508202e+000 4.139014e+000 3.355513e+000 2.697577e+000 2.645657e+000 2.312951e+000 5.149645e+000
<GCONST> 1.078166e+002
<STATE> 3
<MEAN> 25
 2.853369e-001 -1.865752e-001 -4.723040e-002 1.003687e-001 -2.501216e-001 -2.520984e-001 -2.766383e-001 -1.436576e-001 -1.778285e-002 1.752835e-001 -1.030753e-002 -1.067325e-001 1.238896e-002 -1.422446e-003 5.216407e-003 -3.172971e-003 6.733453e-004 3.796976e-003 -3.339101e-003 -4.320098e-004 -4.078992e-003 3.823962e-003 -4.370899e-003 -4.363007e-003 2.185325e-002
<VARIANCE> 25
 6.087300e+001 4.978929e+001 6.059592e+001 5.642469e+001 5.634215e+001 5.308590e+001 6.105547e+001 6.283031e+001 5.312534e+001 3.685406e+001 3.807379e+001 3.472454e+001 2.699152e+000 2.723501e+000 2.693371e+000 3.170150e+000 3.166989e+000 3.024626e+000 3.516434e+000 4.149844e+000 3.364305e+000 2.703217e+000 2.652542e+000 2.321089e+000 5.162864e+000
<GCONST> 1.078690e+002
<STATE> 4
<MEAN> 25
 3.395459e-001 -1.877814e-001 -1.822281e-002 7.707518e-002 -2.567860e-001 -2.303230e-001 -3.109169e-001 -1.353260e-001 -3.255339e-002 1.804672e-001 -1.272899e-002 -1.336872e-001 1.197102e-002 -1.103719e-003 4.868450e-003 -3.751658e-003 5.936201e-004 4.295425e-003 -3.663462e-003 4.865136e-005 -3.700904e-003 2.657983e-003 -4.186956e-003 -4.475559e-003 1.988147e-002
<VARIANCE> 25
 6.083315e+001 4.939064e+001 6.073067e+001 5.672634e+001 5.674703e+001 5.322841e+001 6.133743e+001 6.220688e+001 5.278119e+001 3.619744e+001 3.771223e+001 3.469024e+001 2.598751e+000 2.637488e+000 2.630556e+000 3.064883e+000 3.101849e+000 2.969786e+000 3.416057e+000 4.049231e+000 3.295393e+000 2.643047e+000 2.595212e+000 2.278252e+000 4.972884e+000
<GCONST> 1.074962e+002
<TRANSP> 5
 0.000000e+000 1.000000e+000 0.000000e+000 0.000000e+000 0.000000e+000
 0.000000e+000 7.013508e-001 2.986492e-001 0.000000e+000 0.000000e+000
 0.000000e+000 0.000000e+000 7.013487e-001 2.986512e-001 0.000000e+000
 0.000000e+000 0.000000e+000 0.000000e+000 8.276748e-001 1.723252e-001
 0.000000e+000 0.000000e+000 0.000000e+000 0.000000e+000 0.000000e+000
<ENDHMM>
~h "a"
<BEGINHMM>
<NUMSTATES> 5
<STATE> 2
<MEAN> 25
 3.126813e-001 -4.672339e-001 -1.880291e-001 -2.816808e-001 2.435787e-001 1.107626e-001 -1.297939e-001 3.513660e-001 1.995290e-001 1.446550e-002 -3.220385e-001 -2.970357e-001 1.306305e-003 7.805126e-004 6.136252e-004 -9.724733e-004 1.482709e-003 2.933135e-003 2.184873e-004 -3.114259e-004 -8.145627e-005 2.129907e-004 -3.019153e-003 -7.541403e-004 1.986325e-005
<VARIANCE> 25
 5.754792e+001 5.286298e+001 6.006258e+001 5.508389e+001 5.640825e+001 5.254029e+001 5.666953e+001 6.308710e+001 5.146704e+001 3.581586e+001 3.852715e+001 3.541220e+001 2.511883e+000 2.758242e+000 2.635702e+000 3.020432e+000 3.094857e+000 2.952460e+000 3.342942e+000 4.057430e+000 3.254079e+000 2.635150e+000 2.634839e+000 2.325104e+000 5.065693e+000
<GCONST> 1.073991e+002
<STATE> 3
<MEAN> 25
 3.163335e-001 -4.648199e-001 -1.865851e-001 -2.848642e-001 2.490536e-001 1.193506e-001 -1.286566e-001 3.484802e-001 1.988829e-001 1.572853e-002 -3.329106e-001 -2.991168e-001 4.769526e-004 1.686621e-003 8.905875e-004 -8.947863e-004 3.601487e-004 2.337148e-003 -5.819462e-005 -1.401024e-003 -3.108638e-004 5.971910e-004 -2.302702e-003 -2.935557e-004 -1.238413e-003
<VARIANCE> 25
 5.743500e+001 5.285309e+001 6.017745e+001 5.509849e+001 5.640643e+001 5.250092e+001 5.660417e+001 6.306433e+001 5.141753e+001 3.583022e+001 3.850645e+001 3.539220e+001 2.510788e+000 2.756597e+000 2.637641e+000 3.019867e+000 3.094346e+000 2.951609e+000 3.339855e+000 4.057047e+000 3.252289e+000 2.634866e+000 2.633158e+000 2.324150e+000 5.072213e+000
<GCONST> 1.073928e+002
<STATE> 4
<MEAN> 25
 3.414117e-001 -4.687095e-001 -1.544915e-001 -3.110965e-001 2.043300e-001 1.305968e-001 -1.651476e-001 3.098034e-001 1.958728e-001 2.150001e-002 -3.393902e-001 -3.169304e-001 -4.893187e-004 2.196304e-003 9.195679e-004 -1.070397e-003 -3.144291e-004 1.622315e-003 6.234366e-005 -2.577892e-003 -2.547884e-004 8.996883e-004 -1.746437e-003 -1.253597e-004 -9.452589e-004
<VARIANCE> 25
 5.750408e+001 5.251894e+001 6.024080e+001 5.494904e+001 5.654172e+001 5.238975e+001 5.651019e+001 6.200115e+001 5.105994e+001 3.502029e+001 3.792575e+001 3.524055e+001 2.417172e+000 2.664332e+000 2.573699e+000 2.899420e+000 3.024254e+000 2.883602e+000 3.240970e+000 3.935748e+000 3.187463e+000 2.563716e+000 2.569596e+000 2.266042e+000 4.897710e+000
<GCONST> 1.069420e+002
<TRANSP> 5
 0.000000e+000 1.000000e+000 0.000000e+000 0.000000e+000 0.000000e+000
 0.000000e+000 7.043244e-001 2.956755e-001 0.000000e+000 0.000000e+000
 0.000000e+000 0.000000e+000 7.043267e-001 2.956733e-001 0.000000e+000
 0.000000e+000 0.000000e+000 0.000000e+000 8.317672e-001 1.682328e-001
 0.000000e+000 0.000000e+000 0.000000e+000 0.000000e+000 0.000000e+000
<ENDHMM>
~h "b"
<BEGINHMM>
<NUMSTATES> 5
<STATE> 2
<MEAN> 25
 7.796133e-001 2.864397e-001 4.364595e-001 -2.033878e-001 -2.989256e-001 3.920721e-001 -6.122897e-001 -1.874096e-001 -2.379651e-001 1.202852e-001 2.243907e-001 -2.430516e-001 5.536093e-003 3.962089e-003 7.158607e-003 -2.197663e-003 7.282376e-004 3.089229e-003 -1.732560e-003 -7.164758e-005 -1.125867e-003 3.072759e-004 2.017449e-003 -1.135804e-003 1.447894e-002
<VARIANCE> 25
 6.054752e+001 5.197186e+001 6.183530e+001 5.693903e+001 5.729167e+001 5.523981e+001 5.719522e+001 6.294233e+001 5.360453e+001 3.567426e+001 3.870771e+001 3.417675e+001 2.484383e+000 2.810695e+000 2.714514e+000 3.226772e+000 3.236357e+000 3.026910e+000 3.559498e+000 3.964699e+000 3.446869e+000 2.700699e+000 2.692106e+000 2.335128e+000 5.151494e+000
<GCONST> 1.079109e+002
<STATE> 3
<MEAN> 25
 8.010941e-001 2.986946e-001 4.600801e-001 -2.121078e-001 -2.981557e-001 4.057120e-001 -6.185313e-001 -1.877546e-001 -2.411433e-001 1.206192e-001 2.294107e-001 -2.483632e-001 3.915417e-003 3.644831e-003 6.363347e-003 -1.478157e-003 1.239394e-003 2.550611e-003 1.946548e-004 8.090744e-004 5.882280e-005 -9.990670e-005 5.926790e-004 -4.853271e-004 1.078084e-002
<VARIANCE> 25
 6.065882e+001 5.203149e+001 6.199949e+001 5.682086e+001 5.745413e+001 5.520680e+001 5.735291e+001 6.283847e+001 5.379638e+001 3.573397e+001 3.875871e+001 3.416437e+001 2.484760e+000 2.814144e+000 2.718360e+000 3.225344e+000 3.239683e+000 3.023953e+000 3.568740e+000 3.958577e+000 3.455017e+000 2.706609e+000 2.695068e+000 2.335445e+000 5.137423e+000
<GCONST> 1.079305e+002
<STATE> 4
<MEAN> 25
 8.864573e-001 2.802849e-001 5.077749e-001 -2.880253e-001 -3.541421e-001 4.438842e-001 -6.830612e-001 -1.966826e-001 -2.568218e-001 1.107331e-001 2.160355e-001 -2.841655e-001 3.540652e-003 2.913378e-003 5.182163e-003 -4.186584e-004 1.858943e-003 2.681272e-003 1.087840e-003 1.380451e-003 7.053935e-004 -5.256119e-004 -3.251180e-004 -2.904600e-004 7.803801e-003
<VARIANCE> 25
 6.074405e+001 5.185736e+001 6.233844e+001 5.672900e+001 5.802989e+001 5.549231e+001 5.767546e+001 6.190957e+001 5.367386e+001 3.518523e+001 3.844204e+001 3.395926e+001 2.397659e+000 2.736748e+000 2.661916e+000 3.106013e+000 3.177958e+000 2.956359e+000 3.471123e+000 3.849064e+000 3.390974e+000 2.648744e+000 2.645427e+000 2.284194e+000 4.950279e+000
<GCONST> 1.075682e+002
<TRANSP> 5
 0.000000e+000 1.000000e+000 0.000000e+000 0.000000e+000 0.000000e+000
 0.000000e+000 7.027771e-001 2.972229e-001 0.000000e+000 0.000000e+000
 0.000000e+000 0.000000e+000 7.027793e-001 2.972207e-001 0.000000e+000
 0.000000e+000 0.000000e+000 0.000000e+000 8.291518e-001 1.708482e-001
 0.000000e+000 0.000000e+000 0.000000e+000 0.000000e+000 0.000000e+000
<ENDHMM>
~h "c"
<BEGINHMM>
<NUMSTATES> 5
<STATE> 2
<MEAN> 25
 2.922010e-002 -2.763822e-001 2.447929e-001 -1.239914e-001 -2.937392e-001 -5.819897e-001 -1.730300e-001 2.154165e-001 -1.884837e-001 -5.466139e-002 -1.272459e-001 -8.541206e-003 -1.210972e-003 -9.546954e-003 -7.230440e-003 -8.009491e-003 8.641014e-003 -9.895880e-004 1.096222e-003 1.051311e-002 7.673493e-003 -3.456069e-003 -5.695016e-003 -1.397937e-003 8.463699e-003
<VARIANCE> 25
 6.189131e+001 5.254287e+001 5.664523e+001 5.192345e+001 5.559565e+001 5.196175e+001 5.855731e+001 6.603805e+001 5.163950e+001 3.685399e+001 3.819762e+001 3.412927e+001 3.302195e+000 2.920818e+000 2.798417e+000 3.100387e+000 3.287393e+000 3.042682e+000 3.543809e+000 4.229949e+000 3.401283e+000 2.776647e+000 2.656252e+000 2.366926e+000 5.588268e+000
<GCONST> 1.082154e+002
<STATE> 3
<MEAN> 25
 2.445976e-002 -3.044998e-001 2.195804e-001 -1.519619e-001 -2.678669e-001 -5.865510e-001 -1.677230e-001 2.561368e-001 -1.608365e-001 -6.780943e-002 -1.416081e-001 -1.064517e-002 -4.696492e-004 -8.662436e-003 -8.791264e-003 -7.929739e-003 8.852830e-003 2.229083e-004 1.090616e-004 1.151935e-002 9.206420e-003 -4.713665e-003 -3.154608e-003 -9.746626e-004 5.374871e-003
<VARIANCE> 25
 6.174520e+001 5.253475e+001 5.654276e+001 5.172407e+001 5.562645e+001 5.189303e+001 5.880494e+001 6.586629e+001 5.154159e+001 3.690257e+001 3.826367e+001 3.412221e+001 3.325150e+000 2.926911e+000 2.803985e+000 3.098254e+000 3.285293e+000 3.050668e+000 3.551515e+000 4.215218e+000 3.406333e+000 2.783762e+000 2.668210e+000 2.372166e+000 5.635616e+000
<GCONST> 1.082391e+002
<STATE> 4
<MEAN> 25
 6.830721e-002 -3.651280e-001 2.121823e-001 -2.014551e-001 -2.934103e-001 -5.652778e-001 -2.052756e-001 2.798189e-001 -6.406805e-002 -6.060551e-002 -1.346332e-001 -4.216600e-002 -1.399368e-004 -6.028246e-003 -9.452889e-003 -7.031090e-003 7.477141e-003 7.161368e-004 -9.331079e-004 1.128558e-002 9.187997e-003 -5.791323e-003 -1.988084e-003 -7.542865e-004 1.524478e-003
<VARIANCE> 25
 6.165332e+001 5.206523e+001 5.653684e+001 5.151626e+001 5.579905e+001 5.164395e+001 5.940972e+001 6.477036e+001 5.111952e+001 3.631837e+001 3.809698e+001 3.381198e+001 3.224571e+000 2.839511e+000 2.757989e+000 2.986200e+000 3.217076e+000 3.000113e+000 3.462473e+000 4.086703e+000 3.351095e+000 2.732102e+000 2.630604e+000 2.318437e+000 5.469072e+000
<GCONST> 1.078680e+002
<TRANSP> 5
 0.000000e+000 1.000000e+000 0.000000e+000 0.000000e+000 0.000000e+000
 0.000000e+000 7.044728e-001 2.955272e-001 0.000000e+000 0.000000e+000
 0.000000e+000 0.000000e+000 7.044730e-001 2.955270e-001 0.000000e+000
 0.000000e+000 0.000000e+000 0.000000e+000 8.309938e-001 1.690061e-001
 0.000000e+000 0.000000e+000 0.000000e+000 0.000000e+000 0.000000e+000
<ENDHMM>
~h "d"
<BEGINHMM>
<NUMSTATES> 5
<STATE> 2
<MEAN> 25
 4.459823e-001 -2.005202e-001 7.988614e-001 3.291815e-002 -6.649212e-001 -3.198530e-001 -6.447628e-001 6.760383e-002 1.254489e-001 -1.195671e-001 -1.085039e-001 -1.186011e-001 9.233716e-003 -4.211696e-003 1.024639e-002 4.316224e-004 -6.676042e-003 -9.640772e-004 -5.268929e-003 3.623047e-003 -1.647928e-003 -3.035348e-004 -2.238800e-003 -1.285058e-003 1.547078e-002
<VARIANCE> 25
 5.758443e+001 5.204112e+001 6.789854e+001 5.490086e+001 6.037657e+001 5.172734e+001 5.994198e+001 6.661279e+001 5.443018e+001 3.550830e+001 4.030515e+001 3.409247e+001 2.499577e+000 2.829987e+000 2.774580e+000 3.115886e+000 3.422469e+000 2.972245e+000 3.585175e+000 4.239185e+000 3.421229e+000 2.673949e+000 2.726343e+000 2.299163e+000 5.305351e+000
<GCONST> 1.081789e+002
<STATE> 3
<MEAN> 25
 4.767796e-001 -2.141679e-001 8.314186e-001 3.645155e-002 -6.874822e-001 -3.223113e-001 -6.615208e-001 7.961143e-002 1.186900e-001 -1.226759e-001 -1.158412e-001 -1.230205e-001 8.445263e-003 -4.123636e-003 8.302175e-003 7.772497e-004 -5.696881e-003 -5.608350e-004 -3.899394e-003 3.679031e-003 -2.205771e-003 -7.228432e-004 -2.169564e-003 -6.378843e-004 1.332307e-002
<VARIANCE> 25
 5.731097e+001 5.215890e+001 6.806706e+001 5.488393e+001 6.062766e+001 5.188607e+001 5.989172e+001 6.687555e+001 5.457862e+001 3.559112e+001 4.045424e+001 3.401625e+001 2.490124e+000 2.833702e+000 2.779646e+000 3.117224e+000 3.433141e+000 2.975469e+000 3.584479e+000 4.247265e+000 3.429328e+000 2.677422e+000 2.732695e+000 2.297644e+000 5.314741e+000
<GCONST> 1.082082e+002
<STATE> 4
<MEAN> 25
 5.622204e-001 -2.618685e-001 8.548985e-001 -1.986979e-002 -7.352989e-001 -3.062096e-001 -7.354055e-001 6.006392e-002 1.105691e-001 -1.188634e-001 -1.432384e-001 -1.567905e-001 6.729341e-003 -3.107205e-003 6.594253e-003 1.511041e-003 -3.900395e-003 3.137998e-005 -2.434617e-003 3.651465e-003 -2.482740e-003 -1.251793e-003 -1.996465e-003 -1.098774e-004 1.036685e-002
<VARIANCE> 25
 5.738501e+001 5.216794e+001 6.830650e+001 5.474308e+001 6.119215e+001 5.223434e+001 5.968149e+001 6.623280e+001 5.451995e+001 3.507751e+001 4.009730e+001 3.376430e+001 2.413865e+000 2.761410e+000 2.724895e+000 3.017288e+000 3.366558e+000 2.927020e+000 3.482930e+000 4.142607e+000 3.371525e+000 2.619404e+000 2.680790e+000 2.251196e+000 5.152706e+000
<GCONST> 1.078728e+002
<TRANSP> 5
 0.000000e+000 1.000000e+000 0.000000e+000 0.000000e+000 0.000000e+000
 0.000000e+000 7.026281e-001 2.973719e-001 0.000000e+000 0.000000e+000
 0.000000e+000 0.000000e+000 7.026294e-001 2.973706e-001 0.000000e+000
 0.000000e+000 0.000000e+000 0.000000e+000 8.289773e-001 1.710227e-001
 0.000000e+000 0.000000e+000 0.000000e+000 0.000000e+000 0.000000e+000
<ENDHMM>
~h "e"
<BEGINHMM>
<NUMSTATES> 5
<STATE> 2
<MEAN> 25
 1.069122e-001 -2.791125e-001 6.723010e-001 1.070017e-001 -8.884165e-001 -5.716137e-001 5.146020e-002 4.293788e-001 -8.520158e-002 -4.362207e-002 3.144083e-001 -2.148322e-002 2.497872e-004 2.898118e-003 -9.510834e-004 6.371381e-003 8.392422e-003 2.662733e-003 7.497673e-003 2.348281e-003 1.642589e-003 -1.601986e-003 2.942700e-005 1.257342e-003 -8.096743e-003
<VARIANCE> 25
 5.935429e+001 5.265461e+001 6.702199e+001 5.498338e+001 6.254963e+001 5.587299e+001 5.825562e+001 6.665807e+001 5.259895e+001 3.620950e+001 3.861115e+001 3.295338e+001 2.489859e+000 2.687513e+000 2.616537e+000 2.950829e+000 3.199518e+000 2.953479e+000 3.383336e+000 4.054367e+000 3.221237e+000 2.617115e+000 2.551924e+000 2.142274e+000 5.133200e+000
<GCONST> 1.076061e+002
<STATE> 3
<MEAN> 25
 1.077927e-001 -2.700072e-001 6.701187e-001 1.291470e-001 -8.620110e-001 -5.632457e-001 7.590220e-002 4.381691e-001 -7.964487e-002 -4.773825e-002 3.155542e-001 -1.770481e-002 3.558956e-005 3.292579e-003 -3.051617e-003 6.779978e-003 9.905371e-003 3.331903e-003 7.715211e-003 1.469757e-003 2.189759e-003 -1.810919e-003 9.604590e-005 1.656007e-003 -1.057517e-002
<VARIANCE> 25
 5.925209e+001 5.269814e+001 6.703482e+001 5.493737e+001 6.263044e+001 5.580198e+001 5.830267e+001 6.663556e+001 5.257208e+001 3.621828e+001 3.853294e+001 3.294565e+001 2.489770e+000 2.686048e+000 2.616222e+000 2.951530e+000 3.196712e+000 2.951224e+000 3.380671e+000 4.048966e+000 3.222571e+000 2.618492e+000 2.546962e+000 2.141469e+000 5.125803e+000
<GCONST> 1.075954e+002
<STATE> 4
<MEAN> 25
 1.525607e-001 -2.472633e-001 6.576551e-001 1.378778e-001 -8.089566e-001 -5.431563e-001 7.091089e-002 4.503264e-001 -7.196674e-002 -3.910067e-002 3.104539e-001 -2.528785e-002 -7.672366e-004 3.978282e-003 -4.505602e-003 6.585740e-003 1.014150e-002 3.989009e-003 7.101280e-003 1.227376e-003 2.014153e-003 -1.538068e-003 1.687368e-004 1.426286e-003 -1.247460e-002
<VARIANCE> 25
 5.905607e+001 5.235198e+001 6.708314e+001 5.483354e+001 6.279020e+001 5.588645e+001 5.801261e+001 6.518625e+001 5.179118e+001 3.541562e+001 3.779445e+001 3.273215e+001 2.401575e+000 2.593798e+000 2.539200e+000 2.841126e+000 3.102664e+000 2.881202e+000 3.259821e+000 3.917522e+000 3.140337e+000 2.553361e+000 2.477497e+000 2.092396e+000 4.910207e+000
<GCONST> 1.070911e+002
<TRANSP> 5
 0.000000e+000 1.000000e+000 0.000000e+000 0.000000e+000 0.000000e+000
 0.000000e+000 7.049294e-001 2.950706e-001 0.000000e+000 0.000000e+000
 0.000000e+000 0.000000e+000 7.049275e-001 2.950725e-001 0.000000e+000
 0.000000e+000 0.000000e+000 0.000000e+000 8.326185e-001 1.673814e-001
 0.000000e+000 0.000000e+000 0.000000e+000 0.000000e+000 0.000000e+000
<ENDHMM>
~h "f"
<BEGINHMM>
<NUMSTATES> 5
<STATE> 2
<MEAN> 25
 -7.271377e-001 -2.781183e-001 -2.533921e-001 -8.884335e-003 -3.442481e-001 6.329393e-002 1.688206e-001 -1.745265e-001 2.063024e-001 -1.030002e-001 4.550754e-001 1.612125e-001 4.788330e-003 6.408157e-003 9.311983e-003 -9.614434e-004 -4.102780e-003 4.933218e-003 -4.279325e-004 -5.268437e-003 -7.125630e-003 4.750493e-003 -1.914047e-004 -4.858610e-003 4.526205e-003
<VARIANCE> 25
 6.873326e+001 4.793229e+001 6.862649e+001 5.913958e+001 5.940108e+001 5.686795e+001 5.492596e+001 5.696011e+001 4.970538e+001 3.383717e+001 3.633651e+001 3.319271e+001 3.210891e+000 2.525316e+000 2.852271e+000 3.184505e+000 3.297411e+000 3.150556e+000 3.236520e+000 3.641873e+000 3.195389e+000 2.546284e+000 2.549302e+000 2.182734e+000 4.431072e+000
<GCONST> 1.074602e+002
<STATE> 3
<MEAN> 25
 -7.114153e-001 -2.589566e-001 -2.233761e-001 -6.700795e-003 -3.555754e-001 7.592662e-002 1.702275e-001 -1.861119e-001 1.816106e-001 -8.729828e-002 4.538807e-001 1.457324e-001 4.123269e-003 6.874591e-003 8.609485e-003 -2.891733e-004 -2.702093e-003 3.762960e-003 1.475544e-003 -4.155296e-003 -8.317790e-003 3.875003e-003 -9.399417e-004 -3.896732e-003 1.692407e-003
<VARIANCE> 25
 6.861175e+001 4.793329e+001 6.916602e+001 5.906528e+001 5.937761e+001 5.683775e+001 5.489822e+001 5.677590e+001 4.994733e+001 3.382835e+001 3.628034e+001 3.322321e+001 3.215691e+000 2.525605e+000 2.854290e+000 3.182237e+000 3.292786e+000 3.147045e+000 3.245993e+000 3.627927e+000 3.205278e+000 2.551321e+000 2.547888e+000 2.191173e+000 4.416568e+000
<GCONST> 1.074675e+002
<STATE> 4
<MEAN> 25
 -5.837203e-001 -2.290617e-001 -1.279615e-001 -3.089238e-002 -3.949201e-001 1.020963e-001 1.406877e-001 -2.037268e-001 1.478574e-001 -4.265142e-002 4.352649e-001 8.660646e-002 3.100025e-003 5.450761e-003 5.917177e-003 1.144156e-003 -6.642703e-004 2.774522e-003 2.793984e-003 -2.366733e-003 -8.153397e-003 2.578166e-003 -1.023961e-003 -2.865672e-003 6.051734e-004
<VARIANCE> 25
 6.800915e+001 4.783084e+001 6.955524e+001 5.855100e+001 5.957943e+001 5.645165e+001 5.492992e+001 5.619692e+001 4.998015e+001 3.331866e+001 3.568785e+001 3.336288e+001 3.088637e+000 2.452442e+000 2.769169e+000 3.045869e+000 3.208028e+000 3.065535e+000 3.159596e+000 3.533169e+000 3.144074e+000 2.506748e+000 2.490758e+000 2.156906e+000 4.268938e+000
<GCONST> 1.070547e+002
<TRANSP> 5
 0.000000e+000 1.000000e+000 0.000000e+000 0.000000e+000 0.000000e+000
 0.000000e+000 7.089869e-001 2.910131e-001 0.000000e+000 0.000000e+000
 0.000000e+000 0.000000e+000 7.089857e-001 2.910143e-001 0.000000e+000
 0.000000e+000 0.000000e+000 0.000000e+000 8.380779e-001 1.619221e-001
 0.000000e+000 0.000000e+000 0.000000e+000 0.000000e+000 0.000000e+000
<ENDHMM>
~h "g"
<BEGINHMM>
<NUMSTATES> 5
<STATE> 2
<MEAN> 25
 5.116577e-001 2.433739e-001 5.062722e-001 -7.111928e-002 -4.692217e-001 -1.417124e-002 -4.795439e-001 -7.915060e-002 -2.365579e-001 2.617339e-001 1.353827e-001 -2.113787e-001 5.393813e-003 9.111469e-004 2.141921e-004 -5.068255e-003 -3.200928e-004 4.866702e-003 1.100409e-003 1.527175e-003 -8.413945e-004 3.547927e-003 4.753354e-005 -4.969280e-003 1.618834e-002
<VARIANCE> 25
 5.816547e+001 5.136352e+001 6.650587e+001 5.715012e+001 5.736489e+001 5.416492e+001 5.814247e+001 6.200247e+001 5.481821e+001 3.732127e+001 3.769620e+001 3.419153e+001 2.424881e+000 2.728159e+000 2.819059e+000 3.197628e+000 3.356423e+000 3.091148e+000 3.485260e+000 3.977378e+000 3.431973e+000 2.666683e+000 2.617768e+000 2.287471e+000 4.933171e+000
<GCONST> 1.078653e+002
<STATE> 3
<MEAN> 25
 5.322236e-001 2.427829e-001 5.064465e-001 -9.124227e-002 -4.721874e-001 2.460612e-003 -4.768523e-001 -7.556204e-002 -2.382283e-001 2.730449e-001 1.379190e-001 -2.281462e-001 5.175493e-003 1.926408e-004 -1.193515e-003 -4.969374e-003 -6.133498e-005 6.312979e-003 2.079432e-003 1.213276e-003 5.527018e-004 3.072086e-003 2.806135e-004 -4.414036e-003 1.384287e-002
<VARIANCE> 25
 5.805200e+001 5.156771e+001 6.653593e+001 5.706706e+001 5.751267e+001 5.427444e+001 5.814455e+001 6.209597e+001 5.490898e+001 3.733679e+001 3.776127e+001 3.420455e+001 2.425618e+000 2.722494e+000 2.822564e+000 3.197522e+000 3.365985e+000 3.089831e+000 3.481372e+000 3.967966e+000 3.433285e+000 2.664779e+000 2.621890e+000 2.289345e+000 4.937461e+000
<GCONST> 1.078779e+002
<STATE> 4
<MEAN> 25
 6.010523e-001 2.194424e-001 4.899635e-001 -1.532340e-001 -4.965917e-001 5.032679e-002 -5.197915e-001 -1.015474e-001 -2.270686e-001 2.742641e-001 1.377380e-001 -2.702860e-001 4.834179e-003 -4.714513e-004 -1.750528e-003 -4.608993e-003 -1.977871e-004 5.831376e-003 1.995149e-003 6.226283e-004 1.218284e-003 1.282915e-003 3.793340e-004 -4.103113e-003 1.171201e-002
<VARIANCE> 25
 5.806431e+001 5.133522e+001 6.648251e+001 5.722456e+001 5.769937e+001 5.447932e+001 5.827415e+001 6.136192e+001 5.459466e+001 3.657301e+001 3.733706e+001 3.404219e+001 2.343871e+000 2.638328e+000 2.749370e+000 3.089026e+000 3.294328e+000 3.019241e+000 3.377819e+000 3.849857e+000 3.358873e+000 2.598997e+000 2.569868e+000 2.241175e+000 4.780498e+000
<GCONST> 1.074784e+002
<TRANSP> 5
 0.000000e+000 1.000000e+000 0.000000e+000 0.000000e+000 0.000000e+000
 0.000000e+000 7.021633e-001 2.978367e-001 0.000000e+000 0.000000e+000
 0.000000e+000 0.000000e+000 7.021632e-001 2.978368e-001 0.000000e+000
 0.000000e+000 0.000000e+000 0.000000e+000 8.282243e-001 1.717757e-001
 0.000000e+000 0.000000e+000 0.000000e+000 0.000000e+000 0.000000e+000
<ENDHMM>
~h "h"
<BEGINHMM>
<NUMSTATES> 5
<STATE> 2
<MEAN> 25
 7.932691e-002 -2.492588e-001 -2.509693e-001 -2.005061e-001 3.232305e-001 4.809768e-001 1.820254e-002 -4.788248e-003 9.535003e-002 -8.659756e-002 -5.761525e-002 4.596705e-002 2.284897e-003 1.965835e-003 -1.300665e-003 3.229240e-004 2.696989e-003 -4.211441e-005 7.475205e-004 -1.854512e-003 -9.856191e-004 4.185988e-004 -5.730377e-004 5.121613e-004 3.866009e-003
<VARIANCE> 25
 5.731242e+001 5.076284e+001 6.153894e+001 5.482093e+001 5.903722e+001 5.319259e+001 6.039124e+001 6.091330e+001 5.075575e+001 3.528096e+001 3.743645e+001 3.400798e+001 2.475247e+000 2.569170e+000 2.548090e+000 3.034971e+000 3.237226e+000 2.937872e+000 3.488883e+000 3.861982e+000 3.258163e+000 2.605852e+000 2.574234e+000 2.254804e+000 4.581812e+000
<GCONST> 1.071166e+002
<STATE> 3
<MEAN> 25
 8.778042e-002 -2.440462e-001 -2.567323e-001 -1.988365e-001 3.325474e-001 4.794121e-001 2.069604e-002 -1.030865e-002 9.329789e-002 -8.515303e-002 -6.003729e-002 4.842196e-002 2.306234e-003 1.722067e-003 -9.656828e-004 -3.035436e-004 1.258401e-003 -1.935280e-003 4.239483e-004 -1.422785e-003 -8.237513e-004 6.585782e-004 -1.538223e-003 -3.263988e-004 3.830802e-003
<VARIANCE> 25
 5.721867e+001 5.074773e+001 6.170031e+001 5.476890e+001 5.914414e+001 5.323101e+001 6.028653e+001 6.080259e+001 5.068354e+001 3.530106e+001 3.745519e+001 3.402815e+001 2.469813e+000 2.565408e+000 2.548770e+000 3.029300e+000 3.237402e+000 2.937012e+000 3.487188e+000 3.849517e+000 3.252163e+000 2.606255e+000 2.573373e+000 2.253949e+000 4.596306e+000
<GCONST> 1.071071e+002
<STATE> 4
<MEAN> 25
 1.351165e-001 -2.556661e-001 -2.420769e-001 -2.355014e-001 2.981052e-001 4.828744e-001 -3.007176e-002 -3.179211e-002 9.073599e-002 -8.237810e-002 -5.374308e-002 7.050922e-003 2.457060e-003 1.073543e-003 -1.108740e-003 -3.594435e-004 7.823567e-004 -2.531118e-003 5.734274e-004 -1.694283e-003 -6.481304e-004 8.963449e-004 -2.135840e-003 -1.965989e-003 5.334441e-003
<VARIANCE> 25
 5.712603e+001 5.041855e+001 6.176662e+001 5.427850e+001 5.925442e+001 5.292932e+001 5.974481e+001 5.956007e+001 5.016481e+001 3.446885e+001 3.701173e+001 3.385466e+001 2.372732e+000 2.477213e+000 2.487547e+000 2.892592e+000 3.153113e+000 2.849328e+000 3.375485e+000 3.720243e+000 3.166337e+000 2.538057e+000 2.517319e+000 2.200538e+000 4.446606e+000
<GCONST> 1.066050e+002
<TRANSP> 5
 0.000000e+000 1.000000e+000 0.000000e+000 0.000000e+000 0.000000e+000
 0.000000e+000 7.053784e-001 2.946216e-001 0.000000e+000 0.000000e+000
 0.000000e+000 0.000000e+000 7.053757e-001 2.946244e-001 0.000000e+000
 0.000000e+000 0.000000e+000 0.000000e+000 8.339201e-001 1.660799e-001
 0.000000e+000 0.000000e+000 0.000000e+000 0.000000e+000 0.000000e+000
<ENDHMM>
~h "i"
<BEGINHMM>
<NUMSTATES> 5
<STATE> 2
<MEAN> 25
 -2.263155e-001 2.938890e-001 1.121106e+000 2.513565e-001 -6.876557e-001 -4.478982e-001 -1.118224e-001 -2.365329e-001 -4.931894e-001 -8.982293e-002 2.180337e-001 1.146079e-001 -7.123370e-004 3.175774e-003 -2.894327e-003 2.669625e-003 1.252435e-003 -2.346016e-003 3.964937e-003 -3.277697e-005 -2.249752e-003 -1.886977e-003 -1.334522e-003 1.024139e-003 -9.246316e-003
<VARIANCE> 25
 5.819334e+001 4.845702e+001 7.565758e+001 5.286931e+001 6.171680e+001 5.113731e+001 5.919537e+001 6.079982e+001 5.515759e+001 3.510662e+001 3.744195e+001 3.282127e+001 2.558331e+000 2.573501e+000 2.982929e+000 2.986184e+000 3.338295e+000 2.956081e+000 3.458802e+000 3.884193e+000 3.423890e+000 2.612039e+000 2.565965e+000 2.200044e+000 4.739223e+000
<GCONST> 1.075496e+002
<STATE> 3
<MEAN> 25
 -2.273680e-001 3.048346e-001 1.112469e+000 2.619520e-001 -6.835811e-001 -4.556927e-001 -9.807194e-002 -2.367889e-001 -5.017165e-001 -9.605826e-002 2.128000e-001 1.177953e-001 -6.210655e-004 3.182607e-003 -3.965035e-003 2.692510e-003 1.540033e-003 -2.440022e-003 4.081831e-003 -8.192006e-005 -1.618416e-003 -1.811850e-003 -1.448582e-003 9.935624e-004 -9.616207e-003
<VARIANCE> 25
 5.804200e+001 4.841744e+001 7.518799e+001 5.280252e+001 6.181643e+001 5.107698e+001 5.915440e+001 6.074506e+001 5.508511e+001 3.505223e+001 3.746340e+001 3.273574e+001 2.553020e+000 2.569671e+000 2.973871e+000 2.979707e+000 3.336346e+000 2.952046e+000 3.454320e+000 3.881611e+000 3.419432e+000 2.607736e+000 2.567030e+000 2.196943e+000 4.738587e+000
<GCONST> 1.075159e+002
<STATE> 4
<MEAN> 25
 -1.781873e-001 2.851558e-001 1.089688e+000 2.468139e-001 -6.745835e-001 -4.488150e-001 -1.107773e-001 -2.337925e-001 -4.973457e-001 -9.412664e-002 1.929767e-001 1.006976e-001 -6.287359e-005 2.643662e-003 -3.930983e-003 2.437361e-003 1.502377e-003 -2.363906e-003 3.516106e-003 -1.530154e-004 -1.103560e-003 -1.410605e-003 -1.377637e-003 5.133036e-004 -7.271715e-003
<VARIANCE> 25
 5.783169e+001 4.798312e+001 7.485771e+001 5.245257e+001 6.193443e+001 5.082271e+001 5.898898e+001 5.965137e+001 5.458829e+001 3.426662e+001 3.697818e+001 3.243729e+001 2.456414e+000 2.488097e+000 2.884244e+000 2.859262e+000 3.246662e+000 2.880465e+000 3.337794e+000 3.767740e+000 3.328946e+000 2.538575e+000 2.511172e+000 2.139257e+000 4.585004e+000
<GCONST> 1.070204e+002
<TRANSP> 5
 0.000000e+000 1.000000e+000 0.000000e+000 0.000000e+000 0.000000e+000
 0.000000e+000 7.043353e-001 2.956648e-001 0.000000e+000 0.000000e+000
 0.000000e+000 0.000000e+000 7.043320e-001 2.956680e-001 0.000000e+000
 0.000000e+000 0.000000e+000 0.000000e+000 8.316669e-001 1.683331e-001
 0.000000e+000 0.000000e+000 0.000000e+000 0.000000e+000 0.000000e+000
<ENDHMM>
~h "j"
<BEGINHMM>
<NUMSTATES> 5
<STATE> 2
<MEAN> 25
 2.200191e-001 2.335931e-001 9.370234e-001 8.103812e-002 -5.307302e-001 -4.889927e-001 -5.624024e-001 3.154873e-001 -2.256182e-001 -2.409912e-001 5.074812e-002 1.831033e-001 1.524083e-003 -4.678579e-003 5.394427e-003 2.469314e-003 -2.812991e-003 3.233682e-003 -1.404434e-003 2.811081e-003 3.715433e-003 -3.113514e-003 2.122210e-003 -2.411932e-003 5.774397e-003
<VARIANCE> 25
 5.676379e+001 5.467776e+001 6.454581e+001 5.394415e+001 5.613852e+001 5.266998e+001 5.902126e+001 6.478419e+001 5.269453e+001 3.615665e+001 3.884848e+001 3.391378e+001 2.948776e+000 3.011371e+000 2.791650e+000 3.045917e+000 3.405931e+000 3.090205e+000 3.660172e+000 4.138018e+000 3.407606e+000 2.656415e+000 2.658079e+000 2.369776e+000 5.233702e+000
<GCONST> 1.082135e+002
<STATE> 3
<MEAN> 25
 2.245039e-001 2.228633e-001 9.531661e-001 8.652469e-002 -5.403762e-001 -4.747625e-001 -5.673205e-001 3.232432e-001 -2.145199e-001 -2.511004e-001 6.055126e-002 1.768750e-001 -3.716191e-004 -2.908551e-003 3.307455e-003 3.114438e-003 -1.521802e-003 4.498731e-003 1.830775e-004 1.578692e-003 4.369626e-003 -3.097781e-003 3.281240e-003 -1.568713e-003 2.053142e-003
<VARIANCE> 25
 5.659095e+001 5.477189e+001 6.477573e+001 5.389505e+001 5.626766e+001 5.262971e+001 5.907605e+001 6.458186e+001 5.273139e+001 3.618974e+001 3.883771e+001 3.389012e+001 2.942626e+000 3.009259e+000 2.788264e+000 3.031308e+000 3.409022e+000 3.087058e+000 3.656490e+000 4.129190e+000 3.403211e+000 2.653007e+000 2.651298e+000 2.365901e+000 5.223508e+000
<GCONST> 1.081940e+002
<STATE> 4
<MEAN> 25
 2.710175e-001 1.579937e-001 9.496616e-001 6.461340e-002 -5.854301e-001 -3.999566e-001 -6.128129e-001 2.986770e-001 -1.867456e-001 -2.472974e-001 7.215618e-002 1.226840e-001 -1.242876e-003 -7.877983e-004 1.059797e-003 2.676214e-003 1.061127e-004 5.085675e-003 1.673563e-003 9.038821e-004 4.504550e-003 -1.748239e-003 3.873942e-003 -6.805314e-004 -2.934299e-004
<VARIANCE> 25
 5.690008e+001 5.450158e+001 6.477982e+001 5.381923e+001 5.674986e+001 5.265340e+001 5.904171e+001 6.348983e+001 5.255614e+001 3.552597e+001 3.844007e+001 3.365504e+001 2.832763e+000 2.910770e+000 2.715067e+000 2.907792e+000 3.335844e+000 3.003775e+000 3.533010e+000 3.994502e+000 3.325933e+000 2.580455e+000 2.591637e+000 2.299618e+000 5.028215e+000
<GCONST> 1.077494e+002
<TRANSP> 5
 0.000000e+000 1.000000e+000 0.000000e+000 0.000000e+000 0.000000e+000
 0.000000e+000 7.021563e-001 2.978436e-001 0.000000e+000 0.000000e+000
 0.000000e+000 0.000000e+000 7.021599e-001 2.978401e-001 0.000000e+000
 0.000000e+000 0.000000e+000 0.000000e+000 8.284174e-001 1.715826e-001
 0.000000e+000 0.000000e+000 0.000000e+000 0.000000e+000 0.000000e+000
<ENDHMM>
~h "k"
<BEGINHMM>
<NUMSTATES> 5
<STATE> 2
<MEAN> 25
 1.003007e-001 -1.218581e-001 -1.937492e-001 -3.284096e-001 -2.949156e-002 -2.256285e-001 -8.680917e-002 -8.068387e-002 -4.847953e-002 8.688480e-002 -1.202255e-001 -6.942341e-002 4.810797e-003 -1.742525e-003 -1.765319e-003 -4.603869e-003 2.464727e-003 -1.901899e-003 -1.698692e-003 2.503479e-004 -3.494236e-003 2.412338e-003 -3.408126e-003 -2.066172e-003 1.182370e-002
<VARIANCE> 25
 5.708575e+001 5.081462e+001 6.208863e+001 5.494853e+001 5.640449e+001 5.293226e+001 5.688376e+001 6.096206e+001 5.079095e+001 3.541282e+001 3.751704e+001 3.444422e+001 2.572349e+000 2.780597e+000 2.857104e+000 3.123549e+000 3.263977e+000 3.092067e+000 3.413165e+000 3.977999e+000 3.323637e+000 2.686951e+000 2.621136e+000 2.319780e+000 5.708679e+000
<GCONST> 1.076794e+002
<STATE> 3
<MEAN> 25
 1.174586e-001 -1.275368e-001 -1.999546e-001 -3.426496e-001 -2.147409e-002 -2.348810e-001 -9.263499e-002 -8.082207e-002 -6.037660e-002 9.607872e-002 -1.334595e-001 -7.635490e-002 5.128817e-003 -1.294096e-003 -1.480449e-003 -3.485021e-003 1.843136e-003 -2.248223e-003 -1.977673e-003 -3.265757e-004 -3.288775e-003 2.700008e-003 -3.962527e-003 -2.106840e-003 1.131869e-002
<VARIANCE> 25
 5.693638e+001 5.094270e+001 6.231327e+001 5.503318e+001 5.651322e+001 5.300619e+001 5.680556e+001 6.106124e+001 5.082045e+001 3.550058e+001 3.755958e+001 3.442216e+001 2.579675e+000 2.788434e+000 2.869258e+000 3.134212e+000 3.272983e+000 3.098469e+000 3.418939e+000 3.987638e+000 3.326199e+000 2.692905e+000 2.623995e+000 2.325000e+000 5.741473e+000
<GCONST> 1.077259e+002
<STATE> 4
<MEAN> 25
 1.890442e-001 -1.535650e-001 -1.645039e-001 -4.226796e-001 -6.922956e-002 -2.492387e-001 -1.779814e-001 -1.043651e-001 -6.702342e-002 1.035883e-001 -1.642822e-001 -1.253530e-001 4.937877e-003 -7.472294e-004 -1.833696e-003 -2.847343e-003 1.327279e-003 -2.088684e-003 -1.590018e-003 -1.322275e-003 -2.878052e-003 3.139925e-003 -3.791636e-003 -1.627386e-003 1.029113e-002
<VARIANCE> 25
 5.691084e+001 5.069717e+001 6.283661e+001 5.489900e+001 5.688913e+001 5.317624e+001 5.676714e+001 6.029389e+001 5.061159e+001 3.492273e+001 3.716315e+001 3.437144e+001 2.493664e+000 2.708770e+000 2.814138e+000 3.021924e+000 3.208298e+000 3.034025e+000 3.326371e+000 3.888653e+000 3.261355e+000 2.633297e+000 2.567832e+000 2.277148e+000 5.564314e+000
<GCONST> 1.073622e+002
<TRANSP> 5
 0.000000e+000 1.000000e+000 0.000000e+000 0.000000e+000 0.000000e+000
 0.000000e+000 7.038061e-001 2.961939e-001 0.000000e+000 0.000000e+000
 0.000000e+000 0.000000e+000 7.038030e-001 2.961969e-001 0.000000e+000
 0.000000e+000 0.000000e+000 0.000000e+000 8.311612e-001 1.688388e-001
 0.000000e+000 0.000000e+000 0.000000e+000 0.000000e+000 0.000000e+000
<ENDHMM>
~h "l"
<BEGINHMM>
<NUMSTATES> 5
<STATE> 2
<MEAN> 25
 3.229919e-001 -1.704939e-001 -5.441915e-002 -5.488000e-001 -1.090925e-001 3.067162e-001 -5.137614e-001 -2.787308e-001 1.240135e-001 4.569785e-002 1.603418e-001 -1.144668e-001 -1.822971e-003 5.604041e-003 2.368784e-003 5.438421e-004 3.655576e-003 1.711922e-003 -9.908043e-004 -8.248677e-004 -2.027955e-003 -1.266564e-003 8.811189e-004 -1.007378e-003 -2.292037e-003
<VARIANCE> 25
 6.078131e+001 4.967206e+001 6.340092e+001 6.227216e+001 5.753860e+001 5.619431e+001 6.316417e+001 6.269023e+001 5.214904e+001 3.815311e+001 3.834652e+001 3.466809e+001 2.467578e+000 2.545888e+000 2.628155e+000 3.191062e+000 3.181521e+000 3.052180e+000 3.493510e+000 3.924625e+000 3.268554e+000 2.713600e+000 2.634823e+000 2.245394e+000 4.408976e+000
<GCONST> 1.076938e+002
<STATE> 3
<MEAN> 25
 3.182373e-001 -1.519122e-001 -4.617694e-002 -5.481935e-001 -9.872621e-002 3.122787e-001 -5.182586e-001 -2.813545e-001 1.166056e-001 4.267514e-002 1.636790e-001 -1.184189e-001 -2.020823e-003 6.001611e-003 2.288435e-003 1.399995e-003 3.700711e-003 1.445139e-003 -7.081591e-004 -4.019309e-004 -2.139015e-003 -1.187448e-003 5.992339e-004 -1.080059e-003 -2.878901e-003
<VARIANCE> 25
 6.077253e+001 4.965946e+001 6.350481e+001 6.234640e+001 5.748236e+001 5.614969e+001 6.320867e+001 6.274929e+001 5.211764e+001 3.815467e+001 3.832186e+001 3.462667e+001 2.469834e+000 2.545035e+000 2.630363e+000 3.192132e+000 3.177936e+000 3.051572e+000 3.496916e+000 3.921536e+000 3.269407e+000 2.713660e+000 2.639566e+000 2.243861e+000 4.410596e+000
<GCONST> 1.076961e+002
<STATE> 4
<MEAN> 25
 3.513129e-001 -1.429004e-001 -1.836253e-002 -5.735255e-001 -1.345557e-001 3.255800e-001 -5.455661e-001 -3.077826e-001 1.076287e-001 4.402880e-002 1.696161e-001 -1.488349e-001 -1.294596e-003 5.854816e-003 2.183121e-003 1.285603e-003 3.003563e-003 1.250595e-003 -5.647745e-004 -6.088950e-004 -1.902453e-003 -3.900100e-005 2.943345e-004 -1.575885e-003 -3.305934e-004
<VARIANCE> 25
 6.098059e+001 4.929332e+001 6.340868e+001 6.233243e+001 5.780737e+001 5.608500e+001 6.302988e+001 6.191008e+001 5.173545e+001 3.725457e+001 3.773618e+001 3.444107e+001 2.392698e+000 2.464313e+000 2.563715e+000 3.072360e+000 3.105835e+000 2.980569e+000 3.395122e+000 3.808077e+000 3.194856e+000 2.643231e+000 2.587072e+000 2.189628e+000 4.273874e+000
<GCONST> 1.072678e+002
<TRANSP> 5
 0.000000e+000 1.000000e+000 0.000000e+000 0.000000e+000 0.000000e+000
 0.000000e+000 7.021794e-001 2.978205e-001 0.000000e+000 0.000000e+000
 0.000000e+000 0.000000e+000 7.021750e-001 2.978249e-001 0.000000e+000
 0.000000e+000 0.000000e+000 0.000000e+000 8.291392e-001 1.708608e-001
 0.000000e+000 0.000000e+000 0.000000e+000 0.000000e+000 0.000000e+000
<ENDHMM>
~h "m"
<BEGINHMM>
<NUMSTATES> 5
<STATE> 2
<MEAN> 25
 4.422846e-001 -1.993316e-001 -2.505099e-002 -5.764541e-002 -6.016532e-002 3.614502e-001 -1.198174e-001 -4.597616e-001 -3.545300e-001 -8.578459e-002 -6.689472e-002 -2.187196e-001 1.163508e-002 4.094881e-004 5.373120e-003 -2.127967e-003 -2.296485e-004 6.546983e-003 -2.923404e-003 -4.691211e-003 -5.804969e-003 1.255788e-003 -5.454551e-003 -4.416565e-003 1.779147e-002
<VARIANCE> 25
 5.910010e+001 4.928058e+001 6.100053e+001 5.751451e+001 5.517493e+001 5.443024e+001 5.835919e+001 6.499166e+001 5.548510e+001 3.693434e+001 3.841931e+001 3.481363e+001 2.363398e+000 2.553289e+000 2.697055e+000 3.236694e+000 3.020579e+000 2.937524e+000 3.322472e+000 4.164107e+000 3.458519e+000 2.605322e+000 2.701394e+000 2.286937e+000 4.505185e+000
<GCONST> 1.074578e+002
<STATE> 3
<MEAN> 25
 4.812732e-001 -1.979283e-001 -3.666922e-003 -6.486926e-002 -6.258640e-002 3.841614e-001 -1.309692e-001 -4.769477e-001 -3.729813e-001 -8.096030e-002 -8.478183e-002 -2.339718e-001 1.066265e-002 7.423004e-004 6.149704e-003 -2.308411e-003 -4.537448e-004 6.289814e-003 -2.869077e-003 -4.693826e-003 -5.151911e-003 1.566768e-003 -5.242199e-003 -4.125502e-003 1.724499e-002
<VARIANCE> 25
 5.902471e+001 4.933160e+001 6.104851e+001 5.758773e+001 5.521927e+001 5.446199e+001 5.830526e+001 6.516239e+001 5.559765e+001 3.698538e+001 3.846380e+001 3.482449e+001 2.364254e+000 2.556719e+000 2.706845e+000 3.245712e+000 3.024628e+000 2.943159e+000 3.323596e+000 4.176827e+000 3.467971e+000 2.612150e+000 2.701427e+000 2.288091e+000 4.511271e+000
<GCONST> 1.074895e+002
<STATE> 4
<MEAN> 25
 5.619637e-001 -2.225390e-001 6.587914e-002 -1.099752e-001 -1.133451e-001 3.978866e-001 -1.945725e-001 -5.061486e-001 -3.773957e-001 -7.676988e-002 -9.491355e-002 -2.800208e-001 9.997562e-003 8.213753e-004 7.564911e-003 -2.603476e-003 -1.328673e-003 6.000482e-003 -3.057733e-003 -4.523698e-003 -4.996394e-003 2.250341e-003 -5.205433e-003 -4.170452e-003 1.762636e-002
<VARIANCE> 25
 5.920454e+001 4.916110e+001 6.138501e+001 5.729811e+001 5.556085e+001 5.444631e+001 5.816912e+001 6.441158e+001 5.554828e+001 3.619543e+001 3.811235e+001 3.469855e+001 2.292611e+000 2.484356e+000 2.660552e+000 3.123010e+000 2.969034e+000 2.881709e+000 3.239613e+000 4.068707e+000 3.423650e+000 2.559883e+000 2.646802e+000 2.241054e+000 4.372790e+000
<GCONST> 1.071340e+002
<TRANSP> 5
 0.000000e+000 1.000000e+000 0.000000e+000 0.000000e+000 0.000000e+000
 0.000000e+000 7.019436e-001 2.980563e-001 0.000000e+000 0.000000e+000
 0.000000e+000 0.000000e+000 7.019412e-001 2.980588e-001 0.000000e+000
 0.000000e+000 0.000000e+000 0.000000e+000 8.292372e-001 1.707627e-001
 0.000000e+000 0.000000e+000 0.000000e+000 0.000000e+000 0.000000e+000
<ENDHMM>
~h "n"
<BEGINHMM>
<NUMSTATES> 5
<STATE> 2
<MEAN> 25
 6.530925e-001 -2.030838e-001 4.718679e-001 9.124959e-002 -2.872243e-001 2.533472e-002 -3.341630e-001 -3.035669e-001 -1.416037e-001 1.266541e-001 -4.539967e-001 -2.250297e-001 -1.577646e-003 1.182083e-003 1.112515e-003 4.962208e-004 -7.790879e-004 2.081793e-003 -6.361222e-004 -3.218961e-003 -2.021011e-003 -5.130260e-004 -1.791673e-003 5.627540e-004 1.431242e-003
<VARIANCE> 25
 5.745278e+001 5.132906e+001 6.361346e+001 5.597271e+001 5.735284e+001 5.166420e+001 5.749994e+001 6.709139e+001 5.131693e+001 3.712857e+001 3.982868e+001 3.454333e+001 2.468110e+000 2.751949e+000 2.837198e+000 3.211934e+000 3.172808e+000 3.017340e+000 3.446771e+000 4.502550e+000 3.358820e+000 2.769244e+000 2.684635e+000 2.287809e+000 4.901323e+000
<GCONST> 1.079062e+002
<STATE> 3
<MEAN> 25
 6.477715e-001 -1.982298e-001 4.747207e-001 9.319745e-002 -2.889445e-001 3.328595e-002 -3.369024e-001 -3.147331e-001 -1.480799e-001 1.254292e-001 -4.597133e-001 -2.232704e-001 -2.353012e-003 1.192269e-003 6.281305e-005 -7.426974e-004 -7.122800e-004 2.076169e-003 -7.827226e-004 -2.992067e-003 -1.870538e-003 -8.886987e-004 -3.863801e-005 1.172908e-004 1.304813e-003
<VARIANCE> 25
 5.748481e+001 5.137761e+001 6.355827e+001 5.587281e+001 5.735578e+001 5.159029e+001 5.753930e+001 6.711819e+001 5.129781e+001 3.715318e+001 3.974511e+001 3.453658e+001 2.473175e+000 2.752611e+000 2.834869e+000 3.205287e+000 3.170487e+000 3.015163e+000 3.444266e+000 4.499488e+000 3.357515e+000 2.769288e+000 2.683111e+000 2.283603e+000 4.900996e+000
<GCONST> 1.078964e+002
<STATE> 4
<MEAN> 25
 6.791281e-001 -2.082152e-001 4.840545e-001 4.810320e-002 -3.252495e-001 5.923288e-002 -3.761220e-001 -3.339483e-001 -1.572146e-001 1.147560e-001 -4.511650e-001 -2.481298e-001 -2.825332e-003 1.553190e-003 -1.756257e-003 -1.899620e-003 -3.121079e-004 1.775738e-003 -1.089171e-003 -2.431921e-003 -1.792379e-003 -1.299026e-003 7.780034e-004 -5.513178e-004 1.244325e-003
<VARIANCE> 25
 5.773772e+001 5.096833e+001 6.353111e+001 5.563120e+001 5.764213e+001 5.150752e+001 5.764183e+001 6.610644e+001 5.104977e+001 3.643013e+001 3.910518e+001 3.433331e+001 2.396356e+000 2.666853e+000 2.767982e+000 3.076994e+000 3.099952e+000 2.950259e+000 3.348941e+000 4.369696e+000 3.290460e+000 2.698972e+000 2.623793e+000 2.224600e+000 4.754305e+000
<GCONST> 1.074771e+002
<TRANSP> 5
 0.000000e+000 1.000000e+000 0.000000e+000 0.000000e+000 0.000000e+000
 0.000000e+000 7.002725e-001 2.997275e-001 0.000000e+000 0.000000e+000
 0.000000e+000 0.000000e+000 7.002695e-001 2.997305e-001 0.000000e+000
 0.000000e+000 0.000000e+000 0.000000e+000 8.266165e-001 1.733835e-001
 0.000000e+000 0.000000e+000 0.000000e+000 0.000000e+000 0.000000e+000
<ENDHMM>
~h "o"
<BEGINHMM>
<NUMSTATES> 5
<STATE> 2
<MEAN> 25
 5.574976e-001 1.975800e-001 -4.208083e-001 -9.903603e-001 -2.449464e-001 9.343705e-001 -3.108349e-001 -4.126362e-001 -3.907338e-002 1.744400e-001 4.717357e-001 1.063399e-001 -6.770185e-003 4.081438e-003 -4.964720e-003 3.318199e-003 4.143846e-003 2.623180e-003 6.185845e-003 -1.451643e-003 -2.149056e-003 -2.840367e-003 1.651232e-003 3.981977e-004 -1.494592e-002
<VARIANCE> 25
 6.342621e+001 4.713052e+001 6.461073e+001 7.214827e+001 5.792670e+001 5.977666e+001 6.070039e+001 5.881546e+001 4.997440e+001 3.794941e+001 3.919723e+001 3.321308e+001 2.615068e+000 2.484605e+000 2.806369e+000 3.602561e+000 3.241153e+000 3.262174e+000 3.405488e+000 3.859822e+000 3.249133e+000 2.748312e+000 2.611782e+000 2.189584e+000 4.709299e+000
<GCONST> 1.080482e+002
<STATE> 3
<MEAN> 25
 5.346675e-001 2.121028e-001 -4.367471e-001 -9.814793e-001 -2.304723e-001 9.452483e-001 -2.924361e-001 -4.163174e-001 -4.699713e-002 1.663282e-001 4.793150e-001 1.093858e-001 -8.712732e-003 4.285410e-003 -3.714948e-003 4.419241e-003 3.885734e-003 6.487612e-004 5.891849e-003 -3.837021e-004 -2.184326e-003 -3.052894e-003 1.731425e-003 1.071489e-003 -1.714441e-002
<VARIANCE> 25
 6.345633e+001 4.697555e+001 6.473327e+001 7.202045e+001 5.790827e+001 5.966848e+001 6.073363e+001 5.865353e+001 4.986070e+001 3.791656e+001 3.917773e+001 3.313383e+001 2.608164e+000 2.476048e+000 2.805797e+000 3.590794e+000 3.235270e+000 3.247376e+000 3.398530e+000 3.839769e+000 3.244501e+000 2.742657e+000 2.612089e+000 2.182240e+000 4.695564e+000
<GCONST> 1.080023e+002
<STATE> 4
<MEAN> 25
 5.658064e-001 2.051185e-001 -3.992228e-001 -9.738112e-001 -2.563804e-001 9.548615e-001 -3.226207e-001 -4.256847e-001 -4.460461e-002 1.491232e-001 4.535875e-001 8.584415e-002 -9.693886e-003 4.620769e-003 -2.456827e-003 4.311179e-003 3.533763e-003 -1.219228e-003 5.038702e-003 8.127056e-004 -2.215215e-003 -3.097361e-003 1.315412e-003 1.883968e-003 -1.712203e-002
<VARIANCE> 25
 6.347056e+001 4.653913e+001 6.456232e+001 7.202457e+001 5.805167e+001 5.951503e+001 6.046879e+001 5.791060e+001 4.927398e+001 3.710235e+001 3.844214e+001 3.289876e+001 2.501713e+000 2.393933e+000 2.726717e+000 3.442379e+000 3.152800e+000 3.151565e+000 3.283114e+000 3.726399e+000 3.164345e+000 2.665371e+000 2.550071e+000 2.128552e+000 4.516687e+000
<GCONST> 1.075059e+002
<TRANSP> 5
 0.000000e+000 1.000000e+000 0.000000e+000 0.000000e+000 0.000000e+000
 0.000000e+000 7.045903e-001 2.954097e-001 0.000000e+000 0.000000e+000
 0.000000e+000 0.000000e+000 7.045928e-001 2.954073e-001 0.000000e+000
 0.000000e+000 0.000000e+000 0.000000e+000 8.319691e-001 1.680309e-001
 0.000000e+000 0.000000e+000 0.000000e+000 0.000000e+000 0.000000e+000
<ENDHMM>
~h "p"
<BEGINHMM>
<NUMSTATES> 5
<STATE> 2
<MEAN> 25
 7.063768e-002 5.158040e-002 -2.934625e-001 -5.532276e-002 7.761944e-002 3.579165e-002 1.227040e-001 1.905550e-002 3.531015e-002 8.575776e-002 2.609523e-001 -5.853742e-002 4.048135e-003 -1.791245e-003 -1.302198e-003 -3.297597e-003 -8.911622e-005 5.866585e-003 -7.776087e-004 -1.090496e-003 1.244631e-003 -1.306904e-003 8.527469e-004 -1.832932e-003 1.179137e-002
<VARIANCE> 25
 5.795692e+001 4.989405e+001 5.918990e+001 5.875194e+001 5.566473e+001 5.376949e+001 5.636489e+001 6.063015e+001 4.914400e+001 3.430848e+001 3.636205e+001 3.488459e+001 2.518077e+000 2.700220e+000 2.598273e+000 3.244877e+000 3.113271e+000 3.138396e+000 3.331443e+000 3.912375e+000 3.195363e+000 2.642438e+000 2.577443e+000 2.303010e+000 5.869682e+000
<GCONST> 1.073669e+002
<STATE> 3
<MEAN> 25
 8.307590e-002 4.570525e-002 -2.974945e-001 -6.457406e-002 7.875761e-002 5.469381e-002 1.239276e-001 1.656085e-002 4.208951e-002 8.250429e-002 2.618724e-001 -6.340415e-002 3.243047e-003 -1.288938e-003 -1.399920e-003 -2.367395e-003 4.440819e-004 5.376937e-003 5.090795e-004 -8.539939e-004 1.797181e-003 -1.447629e-003 -2.639927e-004 -1.428081e-003 9.968229e-003
<VARIANCE> 25
 5.804904e+001 4.989649e+001 5.928044e+001 5.878801e+001 5.569772e+001 5.383004e+001 5.636657e+001 6.063199e+001 4.918949e+001 3.438642e+001 3.645371e+001 3.494220e+001 2.520307e+000 2.700262e+000 2.600799e+000 3.250021e+000 3.115698e+000 3.151231e+000 3.335353e+000 3.910714e+000 3.196372e+000 2.646117e+000 2.583139e+000 2.304007e+000 5.887881e+000
<GCONST> 1.073963e+002
<STATE> 4
<MEAN> 25
 5.938134e-002 3.980260e-002 -2.903226e-001 -2.198664e-002 1.235158e-001 6.849316e-002 1.684112e-001 5.421450e-002 5.886861e-002 7.440244e-002 2.437859e-001 -3.980239e-002 1.890386e-003 -5.853754e-004 -4.551581e-004 -1.069997e-003 7.054442e-004 3.926797e-003 1.663872e-003 -1.072044e-003 1.650793e-003 -1.660116e-003 -1.651336e-003 -9.363014e-004 7.253863e-003
<VARIANCE> 25
 5.830858e+001 4.916068e+001 5.860199e+001 5.920726e+001 5.596574e+001 5.384457e+001 5.621035e+001 5.969147e+001 4.836111e+001 3.377196e+001 3.582768e+001 3.496090e+001 2.401923e+000 2.588578e+000 2.511001e+000 3.125349e+000 3.027291e+000 3.084897e+000 3.203713e+000 3.803578e+000 3.103601e+000 2.580907e+000 2.512150e+000 2.247820e+000 5.604033e+000
<GCONST> 1.068773e+002
<TRANSP> 5
 0.000000e+000 1.000000e+000 0.000000e+000 0.000000e+000 0.000000e+000
 0.000000e+000 7.049773e-001 2.950227e-001 0.000000e+000 0.000000e+000
 0.000000e+000 0.000000e+000 7.049738e-001 2.950262e-001 0.000000e+000
 0.000000e+000 0.000000e+000 0.000000e+000 8.333631e-001 1.666369e-001
 0.000000e+000 0.000000e+000 0.000000e+000 0.000000e+000 0.000000e+000
<ENDHMM>
~h "q"
<BEGINHMM>
<NUMSTATES> 5
<STATE> 2
<MEAN> 25
 -2.222236e+000 1.697228e+000 1.722473e+000 3.993657e+000 -7.675086e-001 -3.100513e+000 2.878469e+000 1.102771e+000 -1.316055e+000 -1.006745e+000 1.130224e+000 2.386425e+000 -1.322260e-002 1.395987e-004 -1.201203e-002 5.183275e-003 3.698407e-003 3.143441e-002 1.169265e-002 -7.061188e-002 -1.927505e-002 -5.365252e-004 9.243161e-003 -8.843726e-003 -3.554160e-002
<VARIANCE> 25
 6.561101e+001 4.488476e+001 7.840038e+001 6.005871e+001 4.990390e+001 4.553535e+001 5.565089e+001 5.040203e+001 6.036879e+001 3.284366e+001 2.578912e+001 2.791711e+001 3.672563e+000 3.616521e+000 4.412948e+000 3.302854e+000 3.337267e+000 3.177956e+000 3.763853e+000 3.440525e+000 4.093968e+000 2.422700e+000 2.326759e+000 2.109912e+000 4.902473e+000
<GCONST> 1.078945e+002
<STATE> 3
<MEAN> 25
 -2.310441e+000 1.675693e+000 1.672501e+000 3.970848e+000 -7.455820e-001 -2.998357e+000 2.934938e+000 8.875950e-001 -1.321706e+000 -9.951072e-001 1.158831e+000 2.369239e+000 -2.069246e-002 -1.004123e-002 -2.161463e-002 -1.105248e-002 1.025991e-002 3.803944e-002 9.094696e-003 -6.991254e-002 -6.821262e-003 6.389568e-003 8.552781e-003 -9.127332e-003 -3.248519e-002
<VARIANCE> 25
 6.566167e+001 4.480324e+001 7.983643e+001 5.778042e+001 4.962251e+001 4.543274e+001 5.741846e+001 4.988429e+001 6.077480e+001 3.315424e+001 2.604397e+001 2.760737e+001 3.524689e+000 3.633242e+000 4.372529e+000 3.201735e+000 3.356086e+000 3.131438e+000 3.794326e+000 3.407265e+000 4.066336e+000 2.449345e+000 2.299819e+000 2.063147e+000 4.939449e+000
<GCONST> 1.077908e+002
<STATE> 4
<MEAN> 25
 -3.108523e+000 1.631923e+000 1.553102e+000 4.422228e+000 -5.724372e-002 -2.595127e+000 3.621413e+000 1.098379e+000 -9.187390e-001 -8.173671e-001 1.189924e+000 2.657485e+000 -3.786455e-002 -1.821382e-002 -3.130829e-002 -3.098827e-002 1.818176e-002 4.352903e-002 1.124018e-002 -6.684706e-002 1.982976e-002 1.533681e-002 4.159335e-003 -8.353870e-003 -2.056701e-002
<VARIANCE> 25
 6.318732e+001 4.092502e+001 7.267486e+001 5.246772e+001 4.918699e+001 4.581429e+001 5.789315e+001 4.976429e+001 5.882236e+001 3.324350e+001 2.547187e+001 2.666149e+001 2.994708e+000 3.423238e+000 3.822266e+000 2.870254e+000 3.071203e+000 3.105285e+000 3.601718e+000 3.322158e+000 3.777870e+000 2.452473e+000 2.204376e+000 1.942252e+000 4.437195e+000
<GCONST> 1.064667e+002
<TRANSP> 5
 0.000000e+000 1.000000e+000 0.000000e+000 0.000000e+000 0.000000e+000
 0.000000e+000 6.855887e-001 3.144114e-001 0.000000e+000 0.000000e+000
 0.000000e+000 0.000000e+000 6.855885e-001 3.144114e-001 0.000000e+000
 0.000000e+000 0.000000e+000 0.000000e+000 8.137972e-001 1.862027e-001
 0.000000e+000 0.000000e+000 0.000000e+000 0.000000e+000 0.000000e+000
<ENDHMM>
~h "r"
<BEGINHMM>
<NUMSTATES> 5
<STATE> 2
<MEAN> 25
 3.921954e-001 -4.394287e-001 -1.638166e-001 -1.167696e-001 -1.841394e-001 2.592167e-002 -2.524076e-001 9.021306e-002 2.620921e-001 8.028485e-002 3.580675e-002 -1.083154e-001 -4.951833e-004 3.978415e-003 -1.832068e-003 9.256359e-004 4.770089e-003 2.528520e-003 2.859892e-003 -1.695178e-003 -3.137807e-004 -8.685235e-004 -9.953545e-004 -1.228319e-003 -2.387915e-003
<VARIANCE> 25
 6.062000e+001 5.230702e+001 6.398912e+001 5.674816e+001 5.869191e+001 5.380598e+001 5.984761e+001 6.250977e+001 5.306149e+001 3.607231e+001 3.851600e+001 3.483269e+001 2.619681e+000 2.698017e+000 2.706819e+000 3.172379e+000 3.215944e+000 3.071673e+000 3.451634e+000 3.987185e+000 3.378987e+000 2.721481e+000 2.641984e+000 2.308773e+000 5.025201e+000
<GCONST> 1.079090e+002
<STATE> 3
<MEAN> 25
 3.893625e-001 -4.250836e-001 -1.707382e-001 -1.138549e-001 -1.675597e-001 3.449193e-002 -2.427365e-001 8.477079e-002 2.625586e-001 7.857925e-002 3.194723e-002 -1.135487e-001 -1.859584e-003 5.344627e-003 -2.205660e-003 1.543842e-003 4.972959e-003 1.630802e-003 3.134046e-003 -1.839661e-003 -3.341637e-004 -2.713935e-004 -7.828495e-004 -1.251703e-003 -4.992515e-003
<VARIANCE> 25
 6.072897e+001 5.231770e+001 6.400129e+001 5.652882e+001 5.878101e+001 5.377612e+001 5.985650e+001 6.241658e+001 5.304384e+001 3.602254e+001 3.853874e+001 3.480187e+001 2.620674e+000 2.695944e+000 2.704439e+000 3.169080e+000 3.217890e+000 3.068488e+000 3.453081e+000 3.980388e+000 3.377718e+000 2.716334e+000 2.640494e+000 2.306696e+000 5.023152e+000
<GCONST> 1.078968e+002
<STATE> 4
<MEAN> 25
 3.958578e-001 -4.045468e-001 -1.656671e-001 -1.274708e-001 -1.559940e-001 6.268483e-002 -2.611546e-001 7.620279e-002 2.646286e-001 7.290491e-002 1.621696e-002 -1.241715e-001 -3.622360e-003 6.071648e-003 -2.262844e-003 2.081233e-003 4.925743e-003 1.773778e-004 3.731376e-003 -8.701291e-004 -2.070586e-004 -2.510380e-005 -3.644982e-004 -9.939224e-004 -6.863281e-003
<VARIANCE> 25
 6.118138e+001 5.187818e+001 6.391119e+001 5.646859e+001 5.903654e+001 5.369667e+001 5.988197e+001 6.152879e+001 5.244606e+001 3.528990e+001 3.798016e+001 3.459229e+001 2.524263e+000 2.605823e+000 2.634252e+000 3.052237e+000 3.147254e+000 3.000451e+000 3.347498e+000 3.867324e+000 3.297682e+000 2.643592e+000 2.577873e+000 2.250895e+000 4.840404e+000
<GCONST> 1.074532e+002
<TRANSP> 5
 0.000000e+000 1.000000e+000 0.000000e+000 0.000000e+000 0.000000e+000
 0.000000e+000 7.029982e-001 2.970019e-001 0.000000e+000 0.000000e+000
 0.000000e+000 0.000000e+000 7.029904e-001 2.970096e-001 0.000000e+000
 0.000000e+000 0.000000e+000 0.000000e+000 8.298294e-001 1.701706e-001
 0.000000e+000 0.000000e+000 0.000000e+000 0.000000e+000 0.000000e+000
<ENDHMM>
~h "s"
<BEGINHMM>
<NUMSTATES> 5
<STATE> 2
<MEAN> 25
 -1.107463e+000 2.418846e-001 -2.825851e-001 2.086821e-001 3.554602e-001 -4.514995e-001 2.879945e-001 2.766804e-001 1.909023e-001 -8.257217e-002 1.989569e-001 3.190647e-001 -1.612836e-004 3.095214e-003 -2.199900e-003 -2.100609e-003 5.969428e-003 4.625259e-003 1.265420e-003 -3.975976e-003 3.078855e-003 9.359727e-004 -1.102420e-003 -3.218895e-003 -3.717728e-004
<VARIANCE> 25
 7.817092e+001 5.015504e+001 6.369368e+001 5.529951e+001 5.816434e+001 5.142184e+001 6.185737e+001 5.915962e+001 5.110028e+001 3.477421e+001 3.646796e+001 3.462709e+001 3.605819e+000 2.736927e+000 2.738278e+000 3.007097e+000 3.162514e+000 2.949893e+000 3.553002e+000 3.881201e+000 3.274679e+000 2.616860e+000 2.549553e+000 2.276985e+000 4.453461e+000
<GCONST> 1.078754e+002
<STATE> 3
<MEAN> 25
 -1.106187e+000 2.526815e-001 -2.916517e-001 1.979482e-001 3.753507e-001 -4.327673e-001 2.897134e-001 2.607367e-001 2.041307e-001 -7.676992e-002 1.935216e-001 3.055433e-001 1.519728e-003 3.221883e-003 -3.035522e-003 -2.218422e-003 5.242293e-003 5.576801e-003 7.354375e-004 -4.388884e-003 3.033157e-003 1.284271e-003 -1.753050e-003 -3.284099e-003 -2.373274e-003
<VARIANCE> 25
 7.804017e+001 5.015918e+001 6.366859e+001 5.507300e+001 5.814986e+001 5.131199e+001 6.184828e+001 5.888588e+001 5.113094e+001 3.464586e+001 3.644284e+001 3.446768e+001 3.617652e+000 2.737651e+000 2.735160e+000 2.999146e+000 3.158837e+000 2.940617e+000 3.561463e+000 3.865351e+000 3.273353e+000 2.611238e+000 2.550472e+000 2.271036e+000 4.461582e+000
<GCONST> 1.078444e+002
<STATE> 4
<MEAN> 25
 -1.042906e+000 2.611004e-001 -2.864857e-001 2.190198e-001 3.678708e-001 -3.945875e-001 2.809837e-001 2.389802e-001 2.089225e-001 -6.787966e-002 1.994695e-001 2.921357e-001 3.418800e-003 2.038877e-003 -3.555241e-003 -1.820986e-003 3.258216e-003 4.745174e-003 -2.790894e-005 -2.810327e-003 2.321992e-003 7.026987e-004 -2.128691e-003 -2.464923e-003 -2.304133e-003
<VARIANCE> 25
 7.655394e+001 4.949184e+001 6.325170e+001 5.519876e+001 5.778478e+001 5.076192e+001 6.160243e+001 5.751397e+001 5.048230e+001 3.373999e+001 3.582536e+001 3.415189e+001 3.440546e+000 2.638328e+000 2.642530e+000 2.879010e+000 3.058693e+000 2.863671e+000 3.422790e+000 3.743881e+000 3.181804e+000 2.536677e+000 2.482720e+000 2.212569e+000 4.279960e+000
<GCONST> 1.072526e+002
<TRANSP> 5
 0.000000e+000 1.000000e+000 0.000000e+000 0.000000e+000 0.000000e+000
 0.000000e+000 7.056613e-001 2.943388e-001 0.000000e+000 0.000000e+000
 0.000000e+000 0.000000e+000 7.056630e-001 2.943370e-001 0.000000e+000
 0.000000e+000 0.000000e+000 0.000000e+000 8.336832e-001 1.663168e-001
 0.000000e+000 0.000000e+000 0.000000e+000 0.000000e+000 0.000000e+000
<ENDHMM>
~h "t"
<BEGINHMM>
<NUMSTATES> 5
<STATE> 2
<MEAN> 25
 1.520980e-001 -2.416515e-002 -2.528587e-001 -3.092458e-001 -4.339902e-002 -1.350043e-001 -9.687319e-002 -9.889705e-002 1.349540e-001 9.135998e-002 -7.204036e-002 -1.213887e-001 1.391876e-003 3.402891e-003 1.441580e-003 -3.240299e-004 5.158065e-004 2.590887e-003 4.731910e-004 -3.918699e-003 7.539415e-004 -3.380910e-004 -5.505697e-004 -2.148253e-003 -1.669999e-003
<VARIANCE> 25
 5.739399e+001 5.109849e+001 6.155204e+001 5.656073e+001 5.545545e+001 5.256419e+001 5.802315e+001 5.934362e+001 5.186250e+001 3.488167e+001 3.759925e+001 3.372660e+001 2.706560e+000 2.776233e+000 2.721584e+000 3.154535e+000 3.153075e+000 3.079136e+000 3.510259e+000 3.922899e+000 3.337723e+000 2.664853e+000 2.614894e+000 2.288297e+000 6.146309e+000
<GCONST> 1.077062e+002
<STATE> 3
<MEAN> 25
 1.565743e-001 -1.275015e-002 -2.475225e-001 -3.111922e-001 -4.093200e-002 -1.261662e-001 -9.617967e-002 -1.108965e-001 1.362360e-001 9.014200e-002 -7.334447e-002 -1.286878e-001 5.421611e-004 3.586310e-003 2.105037e-003 7.076343e-004 1.067517e-003 2.317540e-003 4.201382e-004 -3.631810e-003 -4.304713e-005 -5.120528e-004 -5.018103e-004 -1.568917e-003 -3.311489e-003
<VARIANCE> 25
 5.726530e+001 5.111771e+001 6.159196e+001 5.645712e+001 5.547232e+001 5.252393e+001 5.803416e+001 5.931738e+001 5.186907e+001 3.485381e+001 3.768448e+001 3.364249e+001 2.707371e+000 2.777461e+000 2.720623e+000 3.152766e+000 3.150929e+000 3.078408e+000 3.513178e+000 3.919755e+000 3.335304e+000 2.663713e+000 2.616420e+000 2.288425e+000 6.173619e+000
<GCONST> 1.077043e+002
<STATE> 4
<MEAN> 25
 1.892523e-001 -1.514648e-002 -2.044586e-001 -3.264238e-001 -6.742617e-002 -1.111577e-001 -1.025926e-001 -1.209054e-001 1.202743e-001 7.839982e-002 -7.366852e-002 -1.562528e-001 1.793038e-004 3.199499e-003 2.325433e-003 8.135503e-004 1.064119e-003 1.845784e-003 -5.045841e-004 -2.962884e-003 -1.160622e-003 -1.030513e-003 -3.352179e-004 -9.097401e-004 -2.912350e-003
<VARIANCE> 25
 5.710814e+001 5.077068e+001 6.158398e+001 5.653458e+001 5.581528e+001 5.235815e+001 5.803117e+001 5.843307e+001 5.147852e+001 3.412149e+001 3.730298e+001 3.338814e+001 2.599685e+000 2.688982e+000 2.652275e+000 3.031554e+000 3.081785e+000 3.007895e+000 3.396433e+000 3.807236e+000 3.253030e+000 2.592238e+000 2.556567e+000 2.234701e+000 5.979232e+000
<GCONST> 1.072604e+002
<TRANSP> 5
 0.000000e+000 1.000000e+000 0.000000e+000 0.000000e+000 0.000000e+000
 0.000000e+000 7.043485e-001 2.956515e-001 0.000000e+000 0.000000e+000
 0.000000e+000 0.000000e+000 7.043521e-001 2.956479e-001 0.000000e+000
 0.000000e+000 0.000000e+000 0.000000e+000 8.314527e-001 1.685474e-001
 0.000000e+000 0.000000e+000 0.000000e+000 0.000000e+000 0.000000e+000
<ENDHMM>
~h "u"
<BEGINHMM>
<NUMSTATES> 5
<STATE> 2
<MEAN> 25
 5.311057e-001 6.188551e-001 6.764818e-002 -4.608177e-001 -2.658024e-001 4.520946e-001 -6.905237e-001 -5.901073e-001 -3.528535e-001 2.016060e-002 2.471809e-001 7.190239e-002 3.504777e-003 3.929792e-003 5.290797e-005 -1.423484e-003 2.817923e-003 5.565343e-003 -1.683142e-003 -4.941478e-003 -3.800831e-003 2.092510e-003 1.129781e-003 -8.623675e-004 4.916444e-003
<VARIANCE> 25
 6.290836e+001 5.102238e+001 5.963092e+001 6.018808e+001 5.728056e+001 5.322170e+001 6.315631e+001 6.306603e+001 5.408801e+001 3.684442e+001 3.883191e+001 3.370796e+001 2.739560e+000 2.672273e+000 2.688700e+000 3.380365e+000 3.248252e+000 3.120157e+000 3.649002e+000 3.975283e+000 3.481368e+000 2.761432e+000 2.702283e+000 2.295959e+000 4.935122e+000
<GCONST> 1.081662e+002
<STATE> 3
<MEAN> 25
 5.431398e-001 6.322142e-001 6.686131e-002 -4.666939e-001 -2.580886e-001 4.716532e-001 -6.952102e-001 -6.060083e-001 -3.646363e-001 2.508309e-002 2.508651e-001 6.908897e-002 3.029507e-003 3.306408e-003 -1.899796e-004 -9.893868e-004 2.685042e-003 4.959684e-003 -1.261080e-003 -4.402814e-003 -3.313541e-003 1.275819e-003 5.280855e-004 -1.296993e-003 3.327005e-003
<VARIANCE> 25
 6.295246e+001 5.105294e+001 5.965445e+001 6.024766e+001 5.740729e+001 5.323439e+001 6.323591e+001 6.304929e+001 5.408421e+001 3.685177e+001 3.889716e+001 3.372833e+001 2.742676e+000 2.673766e+000 2.688858e+000 3.385643e+000 3.253864e+000 3.122015e+000 3.654336e+000 3.975427e+000 3.486059e+000 2.763796e+000 2.705428e+000 2.295823e+000 4.939266e+000
<GCONST> 1.081860e+002
<STATE> 4
<MEAN> 25
 6.042087e-001 5.996440e-001 7.902710e-002 -5.102330e-001 -2.924329e-001 4.984754e-001 -7.151179e-001 -6.215670e-001 -3.683047e-001 2.361230e-002 2.476292e-001 2.546836e-002 3.033988e-003 3.286824e-003 -6.216527e-004 -1.378940e-003 1.384060e-003 4.924038e-003 -9.496706e-004 -4.157967e-003 -2.350731e-003 4.442362e-004 5.414174e-004 -1.528756e-003 1.845542e-003
<VARIANCE> 25
 6.315754e+001 5.065437e+001 5.959922e+001 6.010888e+001 5.781487e+001 5.313645e+001 6.320461e+001 6.240327e+001 5.376875e+001 3.618500e+001 3.865295e+001 3.364407e+001 2.654347e+000 2.596186e+000 2.631397e+000 3.259014e+000 3.191415e+000 3.050544e+000 3.538765e+000 3.877195e+000 3.408202e+000 2.701953e+000 2.656996e+000 2.246429e+000 4.785623e+000
<GCONST> 1.078015e+002
<TRANSP> 5
 0.000000e+000 1.000000e+000 0.000000e+000 0.000000e+000 0.000000e+000
 0.000000e+000 7.032092e-001 2.967909e-001 0.000000e+000 0.000000e+000
 0.000000e+000 0.000000e+000 7.032020e-001 2.967981e-001 0.000000e+000
 0.000000e+000 0.000000e+000 0.000000e+000 8.302016e-001 1.697984e-001
 0.000000e+000 0.000000e+000 0.000000e+000 0.000000e+000 0.000000e+000
<ENDHMM>
~h "w"
<BEGINHMM>
<NUMSTATES> 5
<STATE> 2
<MEAN> 25
 8.465488e-001 -1.004907e-001 3.252279e-002 -1.072406e+000 -1.555113e-001 5.451027e-001 -7.519919e-001 3.493026e-001 -1.918776e-001 4.153105e-001 3.508180e-001 -3.136192e-001 3.479948e-003 2.763332e-003 -1.101541e-002 -1.180832e-002 9.900461e-003 1.069175e-002 1.045390e-003 4.950664e-003 -5.784938e-004 4.655165e-003 2.536487e-004 -6.224355e-004 -5.440041e-003
<VARIANCE> 25
 6.298580e+001 5.246558e+001 6.319235e+001 7.130041e+001 5.787646e+001 6.171797e+001 5.894393e+001 5.924250e+001 5.478698e+001 3.806428e+001 3.988378e+001 3.515483e+001 2.515040e+000 2.731561e+000 2.563648e+000 3.302287e+000 3.206601e+000 3.124398e+000 3.376600e+000 3.855592e+000 3.296528e+000 2.686281e+000 2.687752e+000 2.376987e+000 4.615543e+000
<GCONST> 1.081897e+002
<STATE> 3
<MEAN> 25
 8.577282e-001 -8.805870e-002 -2.945610e-003 -1.106639e+000 -1.242764e-001 5.789860e-001 -7.413246e-001 3.639554e-001 -1.934748e-001 4.250626e-001 3.484757e-001 -3.097449e-001 3.011803e-003 1.635980e-003 -1.270689e-002 -1.263965e-002 9.159576e-003 1.060570e-002 2.964508e-003 3.582883e-003 -6.793933e-004 1.811194e-003 -9.186279e-004 1.309204e-003 -7.737722e-003
<VARIANCE> 25
 6.279788e+001 5.228736e+001 6.297840e+001 7.166485e+001 5.784519e+001 6.158875e+001 5.918456e+001 5.915955e+001 5.454055e+001 3.797807e+001 3.983585e+001 3.503936e+001 2.508113e+000 2.726546e+000 2.554646e+000 3.300747e+000 3.200198e+000 3.119831e+000 3.373407e+000 3.846894e+000 3.297044e+000 2.683769e+000 2.683829e+000 2.380585e+000 4.589859e+000
<GCONST> 1.081522e+002
<STATE> 4
<MEAN> 25
 8.800793e-001 -7.150687e-002 2.287837e-002 -1.096363e+000 -1.601692e-001 5.892566e-001 -7.191607e-001 3.276268e-001 -2.215353e-001 4.146778e-001 3.227862e-001 -3.332961e-001 1.299494e-003 1.209677e-003 -1.200225e-002 -9.664965e-003 8.103427e-003 8.936627e-003 5.866391e-003 1.062836e-003 -2.200333e-004 -9.799637e-004 -1.975368e-003 3.930754e-003 -1.266198e-002
<VARIANCE> 25
 6.263227e+001 5.154427e+001 6.324168e+001 7.112476e+001 5.822668e+001 6.121740e+001 5.939997e+001 5.831525e+001 5.404999e+001 3.720169e+001 3.904064e+001 3.459160e+001 2.399133e+000 2.625269e+000 2.498456e+000 3.155973e+000 3.112053e+000 3.027543e+000 3.264618e+000 3.726918e+000 3.221244e+000 2.609936e+000 2.609390e+000 2.307861e+000 4.394081e+000
<GCONST> 1.076333e+002
<TRANSP> 5
 0.000000e+000 1.000000e+000 0.000000e+000 0.000000e+000 0.000000e+000
 0.000000e+000 7.029088e-001 2.970912e-001 0.000000e+000 0.000000e+000
 0.000000e+000 0.000000e+000 7.029109e-001 2.970891e-001 0.000000e+000
 0.000000e+000 0.000000e+000 0.000000e+000 8.309742e-001 1.690258e-001
 0.000000e+000 0.000000e+000 0.000000e+000 0.000000e+000 0.000000e+000
<ENDHMM>
~h "y"
<BEGINHMM>
<NUMSTATES> 5
<STATE> 2
<MEAN> 25
 1.121601e-002 -4.155807e-001 4.467558e-001 -2.354692e-001 -3.713002e-001 -1.523169e-001 -8.068163e-002 7.357118e-001 -1.604952e-001 -1.650609e-001 2.673520e-001 7.550966e-002 -2.852261e-003 2.161735e-004 7.953007e-003 -3.384982e-003 -7.423574e-003 5.023478e-003 -1.809843e-003 2.992696e-003 1.184846e-003 -3.236745e-003 -2.552581e-004 -5.090353e-003 4.853871e-003
<VARIANCE> 25
 5.578514e+001 5.104016e+001 6.746149e+001 5.444151e+001 6.193312e+001 5.189940e+001 5.831124e+001 6.607256e+001 5.280714e+001 3.617826e+001 3.865025e+001 3.656340e+001 2.293904e+000 2.586804e+000 2.811904e+000 2.750244e+000 3.100478e+000 2.842599e+000 3.226130e+000 4.018982e+000 3.250896e+000 2.600718e+000 2.590632e+000 2.262600e+000 4.224539e+000
<GCONST> 1.071592e+002
<STATE> 3
<MEAN> 25
 2.342797e-003 -4.173991e-001 4.726176e-001 -2.477178e-001 -3.961087e-001 -1.382435e-001 -8.837631e-002 7.412682e-001 -1.567920e-001 -1.688266e-001 2.631392e-001 5.850004e-002 -3.672745e-003 2.075250e-003 8.565743e-003 -2.315684e-003 -8.087505e-003 4.532993e-003 -2.655752e-003 -1.380155e-004 7.229117e-004 -2.181697e-003 -5.100896e-004 -5.226548e-003 4.479140e-004
<VARIANCE> 25
 5.574314e+001 5.106286e+001 6.734509e+001 5.405427e+001 6.211841e+001 5.180462e+001 5.822953e+001 6.601658e+001 5.267299e+001 3.622462e+001 3.871489e+001 3.645295e+001 2.291446e+000 2.586147e+000 2.821389e+000 2.733770e+000 3.101452e+000 2.833005e+000 3.218108e+000 4.015932e+000 3.247851e+000 2.594054e+000 2.594082e+000 2.257709e+000 4.193902e+000
<GCONST> 1.071244e+002
<STATE> 4
<MEAN> 25
 -7.475135e-002 -3.725965e-001 4.583584e-001 -1.752818e-001 -3.443405e-001 -1.137083e-001 -1.664386e-002 6.706825e-001 -1.080930e-001 -1.158046e-001 2.478635e-001 1.088915e-001 -2.543529e-003 2.563316e-003 8.176262e-003 -2.813747e-003 -8.743688e-003 2.469689e-003 -4.482939e-003 -2.760204e-003 4.431787e-004 1.484084e-003 -1.709133e-003 -3.500890e-003 -1.660787e-003
<VARIANCE> 25
 5.605431e+001 5.049338e+001 6.634406e+001 5.387922e+001 6.185587e+001 5.139516e+001 5.839651e+001 6.439455e+001 5.140630e+001 3.535779e+001 3.810655e+001 3.632692e+001 2.178655e+000 2.485510e+000 2.735405e+000 2.610753e+000 3.009094e+000 2.761082e+000 3.102656e+000 3.864866e+000 3.151398e+000 2.517423e+000 2.528284e+000 2.193331e+000 3.970846e+000
<GCONST> 1.065311e+002
<TRANSP> 5
 0.000000e+000 1.000000e+000 0.000000e+000 0.000000e+000 0.000000e+000
 0.000000e+000 7.108465e-001 2.891535e-001 0.000000e+000 0.000000e+000
 0.000000e+000 0.000000e+000 7.108461e-001 2.891539e-001 0.000000e+000
 0.000000e+000 0.000000e+000 0.000000e+000 8.402737e-001 1.597262e-001
 0.000000e+000 0.000000e+000 0.000000e+000 0.000000e+000 0.000000e+000
<ENDHMM>
~h "z"
<BEGINHMM>
<NUMSTATES> 5
<STATE> 2
<MEAN> 25
 -9.236389e-001 6.247246e-001 2.724372e-001 6.888735e-001 5.517502e-001 -8.268762e-002 3.406847e-001 5.236661e-001 1.678493e-001 -1.687144e-001 1.694270e-001 5.033634e-001 -1.594232e-003 -5.208131e-003 -1.435079e-002 -8.238308e-003 1.582990e-002 1.648977e-002 3.070139e-003 -1.216129e-002 -2.667587e-003 -3.294573e-003 -1.217338e-002 -3.017303e-003 -2.777773e-002
<VARIANCE> 25
 5.818150e+001 5.734396e+001 6.118594e+001 5.686586e+001 5.779390e+001 4.808569e+001 5.848534e+001 6.022231e+001 4.938409e+001 3.245031e+001 3.633589e+001 3.078631e+001 2.288882e+000 2.515325e+000 2.283060e+000 2.745684e+000 2.818043e+000 2.684305e+000 3.024651e+000 3.610981e+000 2.804545e+000 2.355798e+000 2.305583e+000 1.973687e+000 3.270684e+000
<GCONST> 1.052987e+002
<STATE> 3
<MEAN> 25
 -9.310433e-001 6.100212e-001 2.232207e-001 6.640707e-001 6.053110e-001 -3.871402e-002 3.498974e-001 4.792352e-001 1.632624e-001 -1.787945e-001 1.409981e-001 4.955528e-001 -2.062409e-003 -4.601755e-003 -1.852055e-002 -6.090296e-003 1.404674e-002 1.215790e-002 3.812390e-003 -1.691988e-002 -1.624930e-003 -4.376606e-003 -1.063525e-002 -1.479543e-003 -3.521666e-002
<VARIANCE> 25
 5.814990e+001 5.686683e+001 6.083717e+001 5.675539e+001 5.747747e+001 4.800548e+001 5.870367e+001 6.012159e+001 4.923582e+001 3.249537e+001 3.645310e+001 3.041043e+001 2.267853e+000 2.488802e+000 2.275174e+000 2.749479e+000 2.810575e+000 2.687958e+000 3.012048e+000 3.602993e+000 2.797280e+000 2.353839e+000 2.288169e+000 1.958447e+000 3.249979e+000
<GCONST> 1.052116e+002
<STATE> 4
<MEAN> 25
 -9.011974e-001 5.742329e-001 1.979822e-001 6.347934e-001 6.434416e-001 -2.358173e-002 3.523355e-001 4.061225e-001 1.231292e-001 -1.318913e-001 1.442734e-001 5.161567e-001 -1.731676e-003 -3.134183e-003 -1.678490e-002 -1.037360e-003 1.082147e-002 5.793780e-003 4.816887e-003 -1.654516e-002 2.501905e-005 -5.496107e-003 -5.715495e-003 -5.852496e-004 -3.717608e-002
<VARIANCE> 25
 5.844162e+001 5.539981e+001 6.003422e+001 5.668338e+001 5.807494e+001 4.762697e+001 5.900434e+001 5.914500e+001 4.880075e+001 3.165742e+001 3.576475e+001 3.027133e+001 2.163108e+000 2.382942e+000 2.232873e+000 2.642837e+000 2.760604e+000 2.658408e+000 2.910610e+000 3.532798e+000 2.736275e+000 2.288765e+000 2.226202e+000 1.913735e+000 3.110793e+000
<GCONST> 1.047321e+002
<TRANSP> 5
 0.000000e+000 1.000000e+000 0.000000e+000 0.000000e+000 0.000000e+000
 0.000000e+000 7.179443e-001 2.820557e-001 0.000000e+000 0.000000e+000
 0.000000e+000 0.000000e+000 7.179431e-001 2.820569e-001 0.000000e+000
 0.000000e+000 0.000000e+000 0.000000e+000 8.470408e-001 1.529592e-001
 0.000000e+000 0.000000e+000 0.000000e+000 0.000000e+000 0.000000e+000
<ENDHMM>
~h "ai"
<BEGINHMM>
<NUMSTATES> 5
<STATE> 2
<MEAN> 25
 4.341092e-001 -2.521762e-001 7.919292e-001 -5.863539e-001 -5.852522e-001 -6.251318e-001 -5.528243e-001 4.200877e-001 -2.360697e-001 4.106544e-001 2.884799e-001 -3.078392e-001 1.049295e-002 1.225663e-003 3.391341e-004 -1.493932e-003 -3.463341e-003 2.023804e-002 -8.169765e-003 -5.299232e-003 8.871199e-003 2.508630e-003 3.507596e-003 -1.214392e-002 2.178232e-002
<VARIANCE> 25
 6.628169e+001 5.460433e+001 6.858529e+001 5.733471e+001 5.957846e+001 5.703281e+001 5.574961e+001 6.404496e+001 5.418103e+001 3.712484e+001 3.786366e+001 3.521926e+001 2.972494e+000 2.948330e+000 2.790110e+000 3.287057e+000 3.323506e+000 3.169802e+000 3.386514e+000 4.096601e+000 3.501450e+000 2.743531e+000 2.681910e+000 2.353406e+000 4.911729e+000
<GCONST> 1.085993e+002
<STATE> 3
<MEAN> 25
 4.713532e-001 -2.504338e-001 7.927015e-001 -5.952540e-001 -6.005458e-001 -5.612096e-001 -5.793325e-001 4.058124e-001 -2.097482e-001 4.200152e-001 2.981298e-001 -3.485568e-001 1.147190e-002 4.551839e-005 -1.584882e-003 -1.710115e-003 -3.908523e-003 2.153208e-002 -9.255264e-003 -5.374291e-003 8.929322e-003 9.137746e-004 3.370055e-003 -1.261229e-002 2.206979e-002
<VARIANCE> 25
 6.639664e+001 5.465105e+001 6.824035e+001 5.741633e+001 5.978337e+001 5.758661e+001 5.593386e+001 6.423705e+001 5.423518e+001 3.706867e+001 3.799390e+001 3.515036e+001 2.978589e+000 2.947689e+000 2.795038e+000 3.290229e+000 3.332716e+000 3.183289e+000 3.385950e+000 4.101893e+000 3.516945e+000 2.742646e+000 2.689910e+000 2.358899e+000 4.912932e+000
<GCONST> 1.086410e+002
<STATE> 4
<MEAN> 25
 5.311843e-001 -2.622859e-001 7.875271e-001 -6.273693e-001 -6.446247e-001 -4.970027e-001 -5.742562e-001 3.500600e-001 -1.500786e-001 4.071910e-001 2.518013e-001 -4.378436e-001 1.162413e-002 -1.037944e-003 -2.684530e-003 -3.353889e-003 -5.846240e-003 1.825633e-002 -8.931177e-003 -4.455960e-003 6.095853e-003 -1.004249e-003 3.470881e-003 -1.103678e-002 1.948263e-002
<VARIANCE> 25
 6.574592e+001 5.368970e+001 6.818372e+001 5.759507e+001 5.963603e+001 5.821327e+001 5.650347e+001 6.362450e+001 5.333719e+001 3.622718e+001 3.772623e+001 3.443399e+001 2.795486e+000 2.813940e+000 2.702654e+000 3.130548e+000 3.207654e+000 3.100621e+000 3.248063e+000 3.958785e+000 3.384878e+000 2.654047e+000 2.617772e+000 2.279985e+000 4.672741e+000
<GCONST> 1.080399e+002
<TRANSP> 5
 0.000000e+000 1.000000e+000 0.000000e+000 0.000000e+000 0.000000e+000
 0.000000e+000 7.098652e-001 2.901348e-001 0.000000e+000 0.000000e+000
 0.000000e+000 0.000000e+000 7.098638e-001 2.901362e-001 0.000000e+000
 0.000000e+000 0.000000e+000 0.000000e+000 8.394176e-001 1.605825e-001
 0.000000e+000 0.000000e+000 0.000000e+000 0.000000e+000 0.000000e+000
<ENDHMM>
~h "au"
<BEGINHMM>
<NUMSTATES> 5
<STATE> 2
<MEAN> 25
 -1.335566e+000 2.771953e-001 -1.428015e+000 -1.068824e+000 7.363205e-001 -1.669595e-001 7.664672e-001 -1.360886e+000 7.985958e-001 -1.187865e-001 1.927103e-001 7.548230e-001 -5.055345e-003 3.753426e-003 -7.927476e-003 -7.658599e-003 1.054457e-002 1.771347e-002 -4.270929e-003 7.919121e-003 9.669697e-003 7.497194e-003 1.545612e-003 -3.783750e-003 1.442135e-002
<VARIANCE> 25
 6.289191e+001 4.262925e+001 5.389400e+001 6.113909e+001 4.820382e+001 5.765624e+001 5.527474e+001 5.175484e+001 4.395868e+001 3.256500e+001 3.229626e+001 3.405985e+001 1.927886e+000 2.181343e+000 2.146377e+000 2.695303e+000 2.582072e+000 2.742633e+000 2.768936e+000 3.215196e+000 2.756603e+000 2.397743e+000 2.228274e+000 2.061548e+000 3.787994e+000
<GCONST> 1.041799e+002
<STATE> 3
<MEAN> 25
 -1.338795e+000 2.791024e-001 -1.458972e+000 -1.109442e+000 7.685359e-001 -9.288451e-002 7.459635e-001 -1.326153e+000 8.343250e-001 -8.377001e-002 1.956091e-001 7.323584e-001 -1.206147e-003 1.393716e-003 -7.360253e-003 -8.533506e-003 9.348363e-003 1.980639e-002 -7.452271e-003 1.085305e-002 9.007250e-003 8.471675e-003 3.655043e-004 -6.385521e-003 2.570683e-002
<VARIANCE> 25
 6.321324e+001 4.251163e+001 5.357486e+001 6.156340e+001 4.856550e+001 5.779453e+001 5.569331e+001 5.144621e+001 4.427393e+001 3.255855e+001 3.234791e+001 3.425404e+001 1.951610e+000 2.199496e+000 2.159851e+000 2.694263e+000 2.608281e+000 2.754622e+000 2.788827e+000 3.203897e+000 2.759266e+000 2.404652e+000 2.245282e+000 2.065849e+000 3.875621e+000
<GCONST> 1.042898e+002
<STATE> 4
<MEAN> 25
 -1.233860e+000 2.351691e-001 -1.461203e+000 -1.176377e+000 7.707492e-001 5.428452e-002 6.634672e-001 -1.244756e+000 8.770711e-001 4.336955e-003 1.500518e-001 6.591541e-001 8.815194e-003 -5.031429e-003 -8.327478e-003 -1.427730e-002 5.184864e-003 2.490664e-002 -1.169061e-002 1.349416e-002 7.425563e-003 8.703237e-003 -2.912860e-003 -1.352339e-002 5.033647e-002
<VARIANCE> 25
 6.434708e+001 4.194048e+001 5.313582e+001 6.213091e+001 4.995170e+001 5.893884e+001 5.657374e+001 5.111855e+001 4.408096e+001 3.173765e+001 3.187728e+001 3.503704e+001 1.918704e+000 2.160033e+000 2.117130e+000 2.586097e+000 2.603440e+000 2.728790e+000 2.751985e+000 3.153046e+000 2.698715e+000 2.368173e+000 2.209986e+000 2.046462e+000 3.875723e+000
<GCONST> 1.041307e+002
<TRANSP> 5
 0.000000e+000 1.000000e+000 0.000000e+000 0.000000e+000 0.000000e+000
 0.000000e+000 7.199236e-001 2.800764e-001 0.000000e+000 0.000000e+000
 0.000000e+000 0.000000e+000 7.199227e-001 2.800773e-001 0.000000e+000
 0.000000e+000 0.000000e+000 0.000000e+000 8.489291e-001 1.510709e-001
 0.000000e+000 0.000000e+000 0.000000e+000 0.000000e+000 0.000000e+000
<ENDHMM>
~h "kh"
<BEGINHMM>
<NUMSTATES> 5
<STATE> 2
<MEAN> 25
 -9.686355e-001 -3.563134e-001 -9.663864e-001 -1.623829e-001 3.601621e-001 3.274921e-001 4.864032e-001 -1.161133e-002 2.824257e-001 -2.527303e-001 3.394714e-001 3.503066e-001 -9.645372e-003 1.180782e-003 -8.109788e-003 -1.362841e-003 1.113681e-002 1.419398e-002 -3.822648e-003 2.338707e-003 4.158409e-003 -1.344718e-003 2.433669e-003 -3.268817e-003 2.580543e-002
<VARIANCE> 25
 6.604927e+001 5.496723e+001 6.908839e+001 5.693197e+001 6.185695e+001 5.697440e+001 6.111338e+001 5.509999e+001 4.903924e+001 3.550417e+001 3.514158e+001 3.258809e+001 2.961384e+000 2.693929e+000 2.712317e+000 2.953727e+000 3.275228e+000 3.041692e+000 3.440634e+000 3.535108e+000 3.103270e+000 2.692332e+000 2.403597e+000 2.137048e+000 4.545047e+000
<GCONST> 1.074442e+002
<STATE> 3
<MEAN> 25
 -9.989410e-001 -3.432473e-001 -9.785896e-001 -1.593568e-001 3.851335e-001 3.545919e-001 4.810314e-001 -7.233615e-003 2.849807e-001 -2.593134e-001 3.482616e-001 3.427221e-001 -9.875481e-003 2.096022e-003 -5.830960e-003 -4.102718e-004 1.031367e-002 1.049415e-002 -3.555473e-003 -3.388273e-004 1.265206e-003 7.267203e-005 1.294195e-003 -4.309531e-003 2.405618e-002
<VARIANCE> 25
 6.686620e+001 5.488158e+001 6.924167e+001 5.704455e+001 6.226659e+001 5.688585e+001 6.123925e+001 5.508075e+001 4.907655e+001 3.562984e+001 3.501055e+001 3.266864e+001 2.997018e+000 2.685577e+000 2.715449e+000 2.972452e+000 3.289245e+000 3.034804e+000 3.448258e+000 3.519629e+000 3.117121e+000 2.703132e+000 2.410214e+000 2.152465e+000 4.485494e+000
<GCONST> 1.074903e+002
<STATE> 4
<MEAN> 25
 -9.625206e-001 -3.678518e-001 -8.254653e-001 -9.040114e-002 3.416018e-001 2.922561e-001 4.905938e-001 -4.155980e-002 2.297087e-001 -2.207557e-001 3.069856e-001 3.396243e-001 -5.568999e-003 7.475620e-003 1.502525e-003 3.573719e-003 5.889456e-003 2.022754e-003 -2.308236e-003 -2.702160e-003 -2.657038e-003 1.321724e-003 2.222200e-003 -4.278073e-003 1.892921e-002
<VARIANCE> 25
 6.811948e+001 5.418802e+001 7.117594e+001 5.765575e+001 6.311860e+001 5.673277e+001 6.169343e+001 5.452874e+001 4.906594e+001 3.480796e+001 3.442869e+001 3.225982e+001 2.924161e+000 2.580330e+000 2.688605e+000 2.884746e+000 3.196340e+000 2.947951e+000 3.354305e+000 3.441457e+000 3.081807e+000 2.627731e+000 2.366648e+000 2.102965e+000 4.291094e+000
<GCONST> 1.071519e+002
<TRANSP> 5
 0.000000e+000 1.000000e+000 0.000000e+000 0.000000e+000 0.000000e+000
 0.000000e+000 7.122424e-001 2.877576e-001 0.000000e+000 0.000000e+000
 0.000000e+000 0.000000e+000 7.122422e-001 2.877578e-001 0.000000e+000
 0.000000e+000 0.000000e+000 0.000000e+000 8.415655e-001 1.584344e-001
 0.000000e+000 0.000000e+000 0.000000e+000 0.000000e+000 0.000000e+000
<ENDHMM>
~h "ng"
<BEGINHMM>
<NUMSTATES> 5
<STATE> 2
<MEAN> 25
 8.968304e-001 -1.223748e-001 3.536958e-001 -3.727432e-001 -3.294515e-001 3.568456e-001 -3.762766e-001 -1.831086e-001 -4.823083e-001 2.422880e-001 -3.793531e-001 -4.522907e-001 6.824832e-003 1.201144e-003 7.552856e-003 -3.158961e-003 -6.444078e-003 2.958188e-003 -2.383806e-003 -2.042144e-003 -6.953268e-003 3.237416e-003 -4.006893e-003 -2.557868e-003 1.373009e-002
<VARIANCE> 25
 5.689973e+001 5.006003e+001 6.113668e+001 5.775273e+001 5.948996e+001 5.218106e+001 5.867902e+001 6.449397e+001 5.376776e+001 3.761062e+001 3.977806e+001 3.575250e+001 2.368609e+000 2.619553e+000 2.775287e+000 3.117972e+000 3.231219e+000 2.928335e+000 3.411218e+000 4.238111e+000 3.382478e+000 2.706475e+000 2.712796e+000 2.346042e+000 4.608121e+000
<GCONST> 1.077163e+002
<STATE> 3
<MEAN> 25
 9.204739e-001 -1.209504e-001 3.750663e-001 -3.862889e-001 -3.511922e-001 3.688108e-001 -3.855439e-001 -1.914189e-001 -5.031465e-001 2.523501e-001 -3.925369e-001 -4.644021e-001 5.838400e-003 7.721931e-004 5.216030e-003 -4.641352e-003 -6.547713e-003 2.825025e-003 -1.973692e-003 -1.942089e-003 -5.515570e-003 3.029121e-003 -3.242690e-003 -3.145456e-003 1.435240e-002
<VARIANCE> 25
 5.675534e+001 5.004480e+001 6.126614e+001 5.771650e+001 5.960656e+001 5.207662e+001 5.855217e+001 6.461006e+001 5.381882e+001 3.766351e+001 3.975189e+001 3.573627e+001 2.365537e+000 2.621171e+000 2.779828e+000 3.118744e+000 3.237571e+000 2.927962e+000 3.409922e+000 4.251620e+000 3.380660e+000 2.705837e+000 2.713816e+000 2.347726e+000 4.609555e+000
<GCONST> 1.077223e+002
<STATE> 4
<MEAN> 25
 9.638898e-001 -1.517300e-001 3.884606e-001 -4.501851e-001 -3.753541e-001 3.976355e-001 -4.237461e-001 -2.002723e-001 -4.887944e-001 2.487711e-001 -3.880962e-001 -5.001999e-001 5.229344e-003 -2.782680e-004 1.950630e-003 -6.197296e-003 -6.606786e-003 2.463644e-003 -2.010222e-003 -2.531176e-003 -3.563028e-003 2.124500e-003 -3.031230e-003 -4.184795e-003 1.694182e-002
<VARIANCE> 25
 5.704128e+001 4.984395e+001 6.123204e+001 5.791892e+001 5.994222e+001 5.219389e+001 5.870938e+001 6.342220e+001 5.332270e+001 3.673825e+001 3.915341e+001 3.545359e+001 2.299205e+000 2.547336e+000 2.717026e+000 3.003556e+000 3.171610e+000 2.866930e+000 3.321097e+000 4.121975e+000 3.305937e+000 2.629503e+000 2.647887e+000 2.294566e+000 4.498407e+000
<GCONST> 1.073216e+002
<TRANSP> 5
 0.000000e+000 1.000000e+000 0.000000e+000 0.000000e+000 0.000000e+000
 0.000000e+000 7.041131e-001 2.958869e-001 0.000000e+000 0.000000e+000
 0.000000e+000 0.000000e+000 7.041175e-001 2.958826e-001 0.000000e+000
 0.000000e+000 0.000000e+000 0.000000e+000 8.310021e-001 1.689979e-001
 0.000000e+000 0.000000e+000 0.000000e+000 0.000000e+000 0.000000e+000
<ENDHMM>
~h "ny"
<BEGINHMM>
<NUMSTATES> 5
<STATE> 2
<MEAN> 25
 1.798296e-001 -7.990082e-002 3.002217e-001 4.176996e-001 2.753510e-001 -2.436592e-001 3.555305e-001 8.240436e-001 -5.133457e-001 -4.594741e-001 -3.518383e-001 6.921127e-002 -2.502182e-003 8.834507e-004 -9.513760e-003 7.330722e-003 7.301826e-003 1.523767e-003 8.198091e-003 -1.050428e-002 -5.036918e-003 -3.926304e-003 -3.109080e-003 7.605795e-004 -1.901462e-002
<VARIANCE> 25
 5.198794e+001 5.038984e+001 5.637830e+001 5.090322e+001 5.758545e+001 4.423340e+001 5.471303e+001 6.816232e+001 5.029174e+001 3.731696e+001 3.680554e+001 3.266235e+001 2.139376e+000 2.600956e+000 2.536823e+000 2.901078e+000 2.923399e+000 2.708101e+000 3.096175e+000 4.222095e+000 3.149418e+000 2.662135e+000 2.565933e+000 2.140761e+000 4.267612e+000
<GCONST> 1.061084e+002
<STATE> 3
<MEAN> 25
 1.706196e-001 -8.015811e-002 2.656348e-001 4.411815e-001 3.050505e-001 -2.357372e-001 3.828074e-001 7.870953e-001 -5.330840e-001 -4.700734e-001 -3.622906e-001 7.082566e-002 -4.052264e-003 2.851266e-003 -9.549931e-003 4.845808e-003 4.960833e-003 1.005955e-003 6.872048e-003 -1.401779e-002 -3.324593e-003 -9.617065e-004 -1.146252e-003 -2.895426e-004 -2.166180e-002
<VARIANCE> 25
 5.174526e+001 5.037338e+001 5.619463e+001 5.092654e+001 5.774924e+001 4.405541e+001 5.457413e+001 6.781809e+001 5.012028e+001 3.736401e+001 3.677689e+001 3.284666e+001 2.119067e+000 2.592857e+000 2.525218e+000 2.893857e+000 2.914518e+000 2.703052e+000 3.091314e+000 4.201227e+000 3.140145e+000 2.655724e+000 2.565263e+000 2.138175e+000 4.249371e+000
<GCONST> 1.060522e+002
<STATE> 4
<MEAN> 25
 1.599337e-001 -8.298708e-002 2.071700e-001 4.200440e-001 3.294521e-001 -2.235142e-001 3.923005e-001 7.126987e-001 -5.465975e-001 -4.139608e-001 -3.814453e-001 4.417332e-002 -6.103861e-003 2.509800e-003 -9.573923e-003 7.619741e-004 2.629886e-003 9.906031e-004 5.312623e-003 -1.622502e-002 -1.627723e-003 1.097168e-003 2.496971e-004 -1.146487e-003 -2.113412e-002
<VARIANCE> 25
 5.217836e+001 4.995763e+001 5.617303e+001 5.108998e+001 5.779330e+001 4.370406e+001 5.431820e+001 6.626820e+001 4.975996e+001 3.655145e+001 3.614436e+001 3.299656e+001 2.024714e+000 2.493304e+000 2.444130e+000 2.761742e+000 2.820786e+000 2.640767e+000 2.977063e+000 4.045453e+000 3.069555e+000 2.583086e+000 2.501209e+000 2.090241e+000 4.083131e+000
<GCONST> 1.055442e+002
<TRANSP> 5
 0.000000e+000 1.000000e+000 0.000000e+000 0.000000e+000 0.000000e+000
 0.000000e+000 7.084486e-001 2.915513e-001 0.000000e+000 0.000000e+000
 0.000000e+000 0.000000e+000 7.084510e-001 2.915490e-001 0.000000e+000
 0.000000e+000 0.000000e+000 0.000000e+000 8.363296e-001 1.636703e-001
 0.000000e+000 0.000000e+000 0.000000e+000 0.000000e+000 0.000000e+000
<ENDHMM>
~h "oi"
<BEGINHMM>
<NUMSTATES> 5
<STATE> 2
<MEAN> 25
 -1.259451e+000 -2.523054e-001 -1.009582e+000 4.290942e-001 -1.409026e-001 2.946932e-001 7.865093e-001 6.150379e-002 6.032924e-002 -1.582969e-001 8.424013e-001 9.733461e-001 -9.922265e-003 -1.103965e-002 3.897167e-003 5.530717e-003 -8.776817e-003 -1.673136e-002 -1.203281e-002 -1.910456e-002 6.610570e-003 -5.899042e-003 -2.553791e-002 -5.188584e-004 3.108118e-002
<VARIANCE> 25
 5.957050e+001 3.926999e+001 6.370437e+001 7.536573e+001 6.088030e+001 5.944995e+001 6.995756e+001 5.754077e+001 5.013675e+001 3.750328e+001 3.685393e+001 3.296003e+001 1.942207e+000 2.222574e+000 2.629805e+000 3.379882e+000 2.939444e+000 3.402141e+000 2.986557e+000 3.543510e+000 3.352737e+000 2.756151e+000 2.514075e+000 2.282103e+000 3.614336e+000
<GCONST> 1.068817e+002
<STATE> 3
<MEAN> 25
 -1.292444e+000 -2.775114e-001 -9.996194e-001 4.503323e-001 -1.659574e-001 2.390310e-001 7.689190e-001 2.723727e-003 9.622752e-002 -1.814391e-001 7.601019e-001 9.696461e-001 -3.040553e-003 -8.385967e-003 4.622040e-003 -8.495350e-004 -6.683404e-003 -1.593788e-002 -1.321937e-002 -1.339623e-002 6.856414e-003 -5.334527e-003 -2.796769e-002 -3.896216e-003 2.895927e-002
<VARIANCE> 25
 6.037767e+001 3.901453e+001 6.424242e+001 7.499410e+001 6.123275e+001 5.957524e+001 7.050788e+001 5.786222e+001 5.044205e+001 3.728942e+001 3.676890e+001 3.285355e+001 1.994538e+000 2.249121e+000 2.611032e+000 3.375479e+000 2.919762e+000 3.437622e+000 3.036339e+000 3.554913e+000 3.387017e+000 2.750077e+000 2.524170e+000 2.292215e+000 3.597749e+000
<GCONST> 1.069733e+002
<STATE> 4
<MEAN> 25
 -1.664325e+000 -2.014862e-001 -1.079121e+000 6.229045e-001 2.701385e-001 1.924149e-001 1.210889e+000 2.038901e-001 1.962528e-001 -1.099859e-001 6.681349e-001 1.174585e+000 -8.122046e-004 -2.222289e-003 8.038722e-003 -5.374558e-003 -7.394968e-003 -1.620780e-002 -8.224705e-003 -1.005937e-002 9.378566e-003 -5.481308e-004 -2.295993e-002 -4.349023e-003 1.615700e-002
<VARIANCE> 25
 6.305385e+001 3.800169e+001 6.155037e+001 7.527363e+001 6.116563e+001 5.927590e+001 7.037307e+001 5.709554e+001 4.865487e+001 3.643390e+001 3.459516e+001 3.260678e+001 1.862906e+000 2.183872e+000 2.436072e+000 3.188692e+000 2.753798e+000 3.366524e+000 2.889241e+000 3.468558e+000 3.275485e+000 2.685449e+000 2.399160e+000 2.231880e+000 3.284604e+000
<GCONST> 1.061987e+002
<TRANSP> 5
 0.000000e+000 1.000000e+000 0.000000e+000 0.000000e+000 0.000000e+000
 0.000000e+000 7.157727e-001 2.842273e-001 0.000000e+000 0.000000e+000
 0.000000e+000 0.000000e+000 7.157729e-001 2.842271e-001 0.000000e+000
 0.000000e+000 0.000000e+000 0.000000e+000 8.437508e-001 1.562493e-001
 0.000000e+000 0.000000e+000 0.000000e+000 0.000000e+000 0.000000e+000
<ENDHMM>
~h "sp"
<BEGINHMM>
<NUMSTATES> 5
<STATE> 2
<MEAN> 25
 -1.074639e-008 4.103512e-009 -2.101719e-009 -2.201770e-008 5.457183e-009 -1.874547e-009 -1.590101e-008 -1.802196e-009 1.321290e-008 2.074397e-009 6.966939e-009 3.178382e-009 1.021905e-002 5.810699e-003 -3.896886e-003 -4.424762e-003 -6.335354e-004 -1.740024e-002 -1.169571e-002 -1.305467e-002 -4.382872e-003 -8.032592e-003 -2.994761e-003 7.841883e-003 -4.180979e-002
<VARIANCE> 25
 5.945418e+001 4.961470e+001 6.167930e+001 5.565417e+001 5.671257e+001 5.215945e+001 5.856544e+001 6.098119e+001 5.105901e+001 3.514415e+001 3.725806e+001 3.393717e+001 2.490789e+000 2.573903e+000 2.609434e+000 2.981040e+000 3.065937e+000 2.986187e+000 3.332260e+000 3.913589e+000 3.221491e+000 2.602414e+000 2.556948e+000 2.236402e+000 5.246964e+000
<GCONST> 1.071049e+002
<STATE> 3
<MEAN> 25
 -1.074639e-008 4.103512e-009 -2.101719e-009 -2.201770e-008 5.457183e-009 -1.874547e-009 -1.590101e-008 -1.802196e-009 1.321290e-008 2.074397e-009 6.966939e-009 3.178382e-009 1.021905e-002 5.810699e-003 -3.896886e-003 -4.424762e-003 -6.335354e-004 -1.740024e-002 -1.169571e-002 -1.305467e-002 -4.382872e-003 -8.032592e-003 -2.994761e-003 7.841883e-003 -4.180979e-002
<VARIANCE> 25
 5.945418e+001 4.961470e+001 6.167930e+001 5.565417e+001 5.671257e+001 5.215945e+001 5.856544e+001 6.098119e+001 5.105901e+001 3.514415e+001 3.725806e+001 3.393717e+001 2.490789e+000 2.573903e+000 2.609434e+000 2.981040e+000 3.065937e+000 2.986187e+000 3.332260e+000 3.913589e+000 3.221491e+000 2.602414e+000 2.556948e+000 2.236402e+000 5.246964e+000
<GCONST> 1.071049e+002
<STATE> 4
<MEAN> 25
 -1.074639e-008 4.103512e-009 -2.101719e-009 -2.201770e-008 5.457183e-009 -1.874547e-009 -1.590101e-008 -1.802196e-009 1.321290e-008 2.074397e-009 6.966939e-009 3.178382e-009 1.021905e-002 5.810699e-003 -3.896886e-003 -4.424762e-003 -6.335354e-004 -1.740024e-002 -1.169571e-002 -1.305467e-002 -4.382872e-003 -8.032592e-003 -2.994761e-003 7.841883e-003 -4.180979e-002
<VARIANCE> 25
 5.945418e+001 4.961470e+001 6.167930e+001 5.565417e+001 5.671257e+001 5.215945e+001 5.856544e+001 6.098119e+001 5.105901e+001 3.514415e+001 3.725806e+001 3.393717e+001 2.490789e+000 2.573903e+000 2.609434e+000 2.981040e+000 3.065937e+000 2.986187e+000 3.332260e+000 3.913589e+000 3.221491e+000 2.602414e+000 2.556948e+000 2.236402e+000 5.246964e+000
<GCONST> 1.071049e+002
<TRANSP> 5
 0.000000e+000 1.000000e+000 0.000000e+000 0.000000e+000 0.000000e+000
 0.000000e+000 6.000000e-001 4.000000e-001 0.000000e+000 0.000000e+000
 0.000000e+000 0.000000e+000 6.000000e-001 4.000000e-001 0.000000e+000
 0.000000e+000 0.000000e+000 0.000000e+000 7.000000e-001 3.000000e-001
 0.000000e+000 0.000000e+000 0.000000e+000 0.000000e+000 0.000000e+000
<ENDHMM>
~h "sy"
<BEGINHMM>
<NUMSTATES> 5
<STATE> 2
<MEAN> 25
 -1.551869e+000 -7.002627e-003 7.243626e-001 5.062981e-002 -3.844667e-001 -3.545411e-001 5.699164e-001 5.359097e-001 -1.590972e-001 -4.645536e-001 6.454620e-001 5.660890e-001 -5.563534e-003 -1.259094e-003 -1.923561e-003 -4.930467e-003 7.080076e-003 1.121802e-002 5.266824e-003 -4.664577e-003 1.207054e-002 7.348527e-003 8.284387e-004 -4.617590e-005 2.679039e-003
<VARIANCE> 25
 8.248889e+001 4.940586e+001 6.824506e+001 5.380014e+001 5.744843e+001 4.680767e+001 5.778431e+001 5.457391e+001 5.534926e+001 3.325237e+001 3.392639e+001 3.224912e+001 3.577214e+000 2.565446e+000 2.697767e+000 2.741117e+000 3.006185e+000 2.899162e+000 3.211339e+000 3.436400e+000 3.209075e+000 2.384482e+000 2.370948e+000 2.064940e+000 3.522568e+000
<GCONST> 1.066030e+002
<STATE> 3
<MEAN> 25
 -1.569872e+000 -5.997928e-003 7.148367e-001 3.992657e-002 -3.591360e-001 -3.156480e-001 5.845338e-001 5.224820e-001 -1.163242e-001 -4.329301e-001 6.538415e-001 5.669767e-001 -4.140344e-003 -9.108158e-004 -5.424342e-003 -3.929584e-003 8.960808e-003 1.032951e-002 1.442999e-003 -5.862433e-003 1.354329e-002 8.970603e-003 1.799907e-003 5.910490e-004 -1.834657e-003
<VARIANCE> 25
 8.262377e+001 4.916961e+001 6.808678e+001 5.345518e+001 5.743435e+001 4.660421e+001 5.753933e+001 5.451910e+001 5.563555e+001 3.324343e+001 3.409005e+001 3.198668e+001 3.596310e+000 2.544497e+000 2.686477e+000 2.740268e+000 3.001513e+000 2.900646e+000 3.215331e+000 3.430938e+000 3.229836e+000 2.385023e+000 2.370057e+000 2.054319e+000 3.489071e+000
<GCONST> 1.065656e+002
<STATE> 4
<MEAN> 25
 -1.481334e+000 9.151763e-002 7.087379e-001 1.002400e-001 -3.022256e-001 -2.647792e-001 5.941120e-001 5.313491e-001 -1.365730e-001 -3.151020e-001 6.895962e-001 5.864918e-001 -1.726368e-003 1.177771e-003 -7.164312e-003 -7.314391e-004 1.000933e-002 8.298321e-003 -9.767525e-004 -3.788010e-003 1.130010e-002 9.478586e-003 2.004937e-003 1.140699e-003 -8.490238e-003
<VARIANCE> 25
 8.044848e+001 4.851688e+001 6.808977e+001 5.346146e+001 5.670445e+001 4.613819e+001 5.736602e+001 5.387734e+001 5.461003e+001 3.247376e+001 3.355061e+001 3.149970e+001 3.385507e+000 2.417066e+000 2.592774e+000 2.642424e+000 2.880507e+000 2.840813e+000 3.085478e+000 3.332559e+000 3.128831e+000 2.329925e+000 2.309478e+000 1.993985e+000 3.311131e+000
<GCONST> 1.059355e+002
<TRANSP> 5
 0.000000e+000 1.000000e+000 0.000000e+000 0.000000e+000 0.000000e+000
 0.000000e+000 7.187653e-001 2.812347e-001 0.000000e+000 0.000000e+000
 0.000000e+000 0.000000e+000 7.187666e-001 2.812333e-001 0.000000e+000
 0.000000e+000 0.000000e+000 0.000000e+000 8.476425e-001 1.523575e-001
 0.000000e+000 0.000000e+000 0.000000e+000 0.000000e+000 0.000000e+000
<ENDHMM>
~h "sil"
<BEGINHMM>
<NUMSTATES> 5
<STATE> 2
<MEAN> 25
 -6.292823e+000 1.897398e+000 -2.246389e+000 4.091786e+000 3.483088e+000 1.289390e+000 5.985674e+000 1.607582e+000 1.292573e+000 2.433060e-002 7.560844e-001 1.711519e+000 6.215413e-001 2.999588e-001 -2.643867e-001 -2.193139e-001 -8.053201e-002 -1.297142e+000 -7.959225e-001 -7.871473e-001 -2.387361e-001 -5.578320e-001 -1.327630e-001 6.492158e-001 -3.194673e+000
<VARIANCE> 25
 2.073575e+001 1.640864e+001 1.593080e+001 1.963944e+001 1.818507e+001 4.660801e+001 3.376379e+001 4.023077e+001 2.351439e+001 2.549544e+001 2.049553e+001 2.197405e+001 1.675153e+000 1.017427e+000 9.210483e-001 1.205606e+000 1.175748e+000 5.230578e+000 2.844129e+000 3.603980e+000 1.683525e+000 2.275027e+000 1.865403e+000 2.224546e+000 2.390731e+001
<GCONST> 9.470670e+001
<STATE> 3
<MEAN> 25
 -5.331622e+000 2.371204e+000 -2.724704e+000 3.695750e+000 3.310671e+000 -9.122814e-001 4.666657e+000 3.039050e-001 9.208381e-001 -9.026027e-001 5.687607e-001 2.759536e+000 1.565032e-001 7.726563e-002 -8.574352e-002 -8.043741e-002 -3.961872e-002 -3.893062e-001 -2.313890e-001 -2.225321e-001 -6.100352e-002 -1.586170e-001 -2.419707e-002 1.734321e-001 -8.459433e-001
<VARIANCE> 25
 1.270857e+001 1.609529e+001 1.524158e+001 1.988843e+001 1.850056e+001 2.308881e+001 2.514867e+001 2.954112e+001 2.323267e+001 2.168110e+001 1.809846e+001 1.751088e+001 8.241069e-001 7.301385e-001 7.568724e-001 1.073760e+000 1.089898e+000 2.626301e+000 1.863781e+000 2.307052e+000 1.557385e+000 1.768619e+000 1.492528e+000 1.613652e+000 9.021746e+000
<GCONST> 8.751695e+001
<STATE> 4
<MEAN> 25
 -5.278475e+000 2.332557e+000 -2.754047e+000 3.519199e+000 3.271617e+000 -1.040011e+000 4.521612e+000 3.563034e-001 7.628741e-001 -8.101746e-001 5.516789e-001 2.653177e+000 -7.666509e-003 -1.584263e-003 -1.956968e-002 -2.776271e-002 -2.334774e-002 -4.383660e-002 -2.791354e-002 -2.465096e-002 -1.718561e-003 -1.644023e-002 5.967891e-003 -4.735508e-003 4.467212e-002
<VARIANCE> 25
 1.345767e+001 1.587667e+001 1.527238e+001 2.046975e+001 1.845694e+001 2.329218e+001 2.515191e+001 2.913357e+001 2.278257e+001 2.134380e+001 1.792077e+001 1.807763e+001 5.285966e-001 6.418120e-001 7.057993e-001 1.050629e+000 1.096511e+000 1.525122e+000 1.457839e+000 1.794544e+000 1.546046e+000 1.609195e+000 1.432174e+000 1.389898e+000 2.575272e+000
<GCONST> 8.432579e+001
<TRANSP> 5
 0.000000e+000 1.000000e+000 0.000000e+000 0.000000e+000 0.000000e+000
 0.000000e+000 7.133071e-001 2.866928e-001 0.000000e+000 0.000000e+000
 0.000000e+000 0.000000e+000 7.133058e-001 2.866942e-001 0.000000e+000
 0.000000e+000 0.000000e+000 0.000000e+000 8.448062e-001 1.551938e-001
 0.000000e+000 0.000000e+000 0.000000e+000 0.000000e+000 0.000000e+000
<ENDHMM>
