~o
<STREAMINFO> 1 25
<VECSIZE> 25<NULLD><MFCC_D_N_Z_0><DIAGC>
~h "proto"
<BEGINHMM>
<NUMSTATES> 5
<STATE> 2
<MEAN> 25
 -1.074639e-008 4.103512e-009 -2.101719e-009 -2.201770e-008 5.457183e-009 -1.874547e-009 -1.590101e-008 -1.802196e-009 1.321290e-008 2.074397e-009 6.966939e-009 3.178382e-009 1.021905e-002 5.810699e-003 -3.896886e-003 -4.424762e-003 -6.335354e-004 -1.740024e-002 -1.169571e-002 -1.305467e-002 -4.382872e-003 -8.032592e-003 -2.994761e-003 7.841883e-003 -4.180979e-002
<VARIANCE> 25
 5.945418e+001 4.961470e+001 6.167930e+001 5.565417e+001 5.671257e+001 5.215945e+001 5.856545e+001 6.098119e+001 5.105901e+001 3.514415e+001 3.725806e+001 3.393717e+001 2.490789e+000 2.573903e+000 2.609434e+000 2.981040e+000 3.065937e+000 2.986187e+000 3.332260e+000 3.913589e+000 3.221491e+000 2.602414e+000 2.556948e+000 2.236402e+000 5.246964e+000
<GCONST> 1.071049e+002
<STATE> 3
<MEAN> 25
 -1.074639e-008 4.103512e-009 -2.101719e-009 -2.201770e-008 5.457183e-009 -1.874547e-009 -1.590101e-008 -1.802196e-009 1.321290e-008 2.074397e-009 6.966939e-009 3.178382e-009 1.021905e-002 5.810699e-003 -3.896886e-003 -4.424762e-003 -6.335354e-004 -1.740024e-002 -1.169571e-002 -1.305467e-002 -4.382872e-003 -8.032592e-003 -2.994761e-003 7.841883e-003 -4.180979e-002
<VARIANCE> 25
 5.945418e+001 4.961470e+001 6.167930e+001 5.565417e+001 5.671257e+001 5.215945e+001 5.856545e+001 6.098119e+001 5.105901e+001 3.514415e+001 3.725806e+001 3.393717e+001 2.490789e+000 2.573903e+000 2.609434e+000 2.981040e+000 3.065937e+000 2.986187e+000 3.332260e+000 3.913589e+000 3.221491e+000 2.602414e+000 2.556948e+000 2.236402e+000 5.246964e+000
<GCONST> 1.071049e+002
<STATE> 4
<MEAN> 25
 -1.074639e-008 4.103512e-009 -2.101719e-009 -2.201770e-008 5.457183e-009 -1.874547e-009 -1.590101e-008 -1.802196e-009 1.321290e-008 2.074397e-009 6.966939e-009 3.178382e-009 1.021905e-002 5.810699e-003 -3.896886e-003 -4.424762e-003 -6.335354e-004 -1.740024e-002 -1.169571e-002 -1.305467e-002 -4.382872e-003 -8.032592e-003 -2.994761e-003 7.841883e-003 -4.180979e-002
<VARIANCE> 25
 5.945418e+001 4.961470e+001 6.167930e+001 5.565417e+001 5.671257e+001 5.215945e+001 5.856545e+001 6.098119e+001 5.105901e+001 3.514415e+001 3.725806e+001 3.393717e+001 2.490789e+000 2.573903e+000 2.609434e+000 2.981040e+000 3.065937e+000 2.986187e+000 3.332260e+000 3.913589e+000 3.221491e+000 2.602414e+000 2.556948e+000 2.236402e+000 5.246964e+000
<GCONST> 1.071049e+002
<TRANSP> 5
 0.000000e+000 1.000000e+000 0.000000e+000 0.000000e+000 0.000000e+000
 0.000000e+000 6.000000e-001 4.000000e-001 0.000000e+000 0.000000e+000
 0.000000e+000 0.000000e+000 6.000000e-001 4.000000e-001 0.000000e+000
 0.000000e+000 0.000000e+000 0.000000e+000 7.000000e-001 3.000000e-001
 0.000000e+000 0.000000e+000 0.000000e+000 0.000000e+000 0.000000e+000
<ENDHMM>
