~o
<STREAMINFO> 1 25
<VECSIZE> 25<NULLD><MFCC_D_N_Z_0><DIAGC>
~h "@"
<BEGINHMM>
<NUMSTATES> 5
<STATE> 2
<MEAN> 25
 2.835834e+000 -1.077538e+000 2.286524e-001 -5.452195e-001 -1.728886e+000 -1.736593e+000 -3.688792e+000 -7.307897e-001 6.387278e-001 2.048500e+000 3.176768e-001 -1.104243e+000 7.044534e-001 -3.020313e-001 1.473594e-001 -2.927533e-001 -3.924365e-001 1.520883e-001 -5.501826e-001 1.337073e-001 8.789541e-002 3.547312e-001 1.483847e-001 -3.175486e-001 8.039863e-001
<VARIANCE> 25
 4.486107e+001 4.293957e+001 4.715883e+001 5.315031e+001 5.504673e+001 6.182463e+001 8.208691e+001 6.944797e+001 6.555468e+001 4.254710e+001 4.189808e+001 3.894202e+001 4.570707e+000 3.967197e+000 3.814093e+000 5.137504e+000 4.542799e+000 4.451982e+000 6.787596e+000 6.637325e+000 5.709122e+000 3.954165e+000 4.104019e+000 3.585875e+000 9.703618e+000
<GCONST> 1.142146e+002
<STATE> 3
<MEAN> 25
 3.958591e+000 -1.438964e+000 6.131114e-001 -9.357867e-001 -2.367449e+000 -1.352589e+000 -4.419705e+000 -5.806340e-001 5.147052e-001 2.601341e+000 5.584868e-001 -1.622334e+000 4.900794e-001 -7.690567e-002 2.298366e-001 -9.359267e-002 -2.712158e-001 2.100338e-001 -1.991659e-001 -2.408636e-002 -9.927711e-002 1.812586e-001 4.881863e-002 -1.901691e-001 3.185096e-001
<VARIANCE> 25
 3.803179e+001 4.309774e+001 4.622822e+001 5.594462e+001 5.416794e+001 6.256355e+001 8.346580e+001 7.297871e+001 6.640951e+001 4.481455e+001 4.432735e+001 3.945686e+001 3.408473e+000 3.772342e+000 3.464509e+000 5.137906e+000 4.289446e+000 4.300587e+000 6.476471e+000 6.642631e+000 5.703467e+000 4.027603e+000 4.144782e+000 3.557643e+000 8.958167e+000
<GCONST> 1.136424e+002
<STATE> 4
<MEAN> 25
 4.425804e+000 -1.283332e+000 1.215342e+000 -6.895781e-001 -2.929130e+000 -1.095119e+000 -4.615583e+000 -5.491804e-001 2.576180e-001 2.725171e+000 6.335480e-001 -1.873638e+000 1.418688e-001 1.480236e-001 2.047656e-001 1.580592e-001 -1.369814e-002 1.566436e-001 1.962077e-001 -2.178562e-001 -1.863459e-001 -5.018076e-002 -7.727241e-002 3.350405e-002 -2.183982e-001
<VARIANCE> 25
 3.517846e+001 4.341859e+001 4.546947e+001 5.538284e+001 5.529706e+001 6.104308e+001 9.053841e+001 7.536300e+001 6.629882e+001 4.683913e+001 4.534209e+001 4.047411e+001 2.285998e+000 2.916735e+000 2.748288e+000 3.850649e+000 3.512451e+000 3.450032e+000 4.702297e+000 5.261701e+000 4.476799e+000 3.370804e+000 3.420081e+000 2.922790e+000 5.750273e+000
<GCONST> 1.103429e+002
<TRANSP> 5
 0.000000e+000 1.000000e+000 0.000000e+000 0.000000e+000 0.000000e+000
 0.000000e+000 5.026191e-001 4.973809e-001 0.000000e+000 0.000000e+000
 0.000000e+000 0.000000e+000 5.073382e-001 4.926618e-001 0.000000e+000
 0.000000e+000 0.000000e+000 0.000000e+000 6.120209e-001 3.879791e-001
 0.000000e+000 0.000000e+000 0.000000e+000 0.000000e+000 0.000000e+000
<ENDHMM>
~h "a"
<BEGINHMM>
<NUMSTATES> 5
<STATE> 2
<MEAN> 25
 3.677834e+000 -8.160388e+000 -3.932414e+000 -5.221572e+000 7.633162e-001 2.552572e+000 -2.445764e+000 4.751321e+000 4.120755e+000 -1.810339e-001 -3.576677e+000 -4.674949e+000 2.184606e-001 -6.371253e-001 -3.242231e-001 -1.826617e-001 3.427466e-001 4.011064e-001 1.175888e-001 3.997208e-001 2.521062e-001 -2.089087e-001 -5.365402e-001 -4.452594e-001 4.240470e-001
<VARIANCE> 25
 2.395618e+001 4.719202e+001 3.775796e+001 4.343757e+001 5.201447e+001 6.373470e+001 4.691333e+001 6.760302e+001 4.578774e+001 4.331207e+001 4.649928e+001 4.251912e+001 2.029430e+000 3.722621e+000 2.543859e+000 3.255583e+000 3.306139e+000 4.005043e+000 3.464843e+000 4.971428e+000 3.386679e+000 3.126966e+000 3.500435e+000 3.315187e+000 5.898961e+000
<GCONST> 1.078820e+002
<STATE> 3
<MEAN> 25
 3.902249e+000 -8.637403e+000 -4.201408e+000 -5.031580e+000 1.461084e+000 2.994253e+000 -2.040391e+000 4.870268e+000 4.201427e+000 -5.302191e-001 -4.309494e+000 -5.041587e+000 7.821716e-002 6.767446e-002 4.081704e-002 1.737976e-001 1.745706e-001 2.219762e-002 1.555383e-001 -6.318123e-002 -5.142695e-002 -6.605671e-002 -1.827425e-001 -3.619015e-002 -3.326620e-001
<VARIANCE> 25
 2.111613e+001 4.587956e+001 3.451216e+001 4.116325e+001 4.782628e+001 5.798833e+001 4.405192e+001 6.432640e+001 4.360443e+001 4.300557e+001 4.404488e+001 4.120464e+001 1.438593e+000 3.336643e+000 2.185271e+000 2.759985e+000 2.834937e+000 3.603906e+000 2.999600e+000 4.393545e+000 2.956487e+000 2.886328e+000 3.066765e+000 2.872236e+000 5.586248e+000
<GCONST> 1.053075e+002
<STATE> 4
<MEAN> 25
 3.243150e+000 -7.157090e+000 -3.905631e+000 -3.728698e+000 2.033930e+000 2.751541e+000 -1.327905e+000 4.062352e+000 3.633655e+000 -7.512218e-001 -4.280123e+000 -4.348190e+000 -4.068742e-002 6.407553e-001 3.354655e-001 3.830166e-001 -5.370689e-002 -2.962725e-001 1.084012e-001 -3.247936e-001 -2.584803e-001 1.298066e-001 1.631455e-001 2.715946e-001 -8.823470e-001
<VARIANCE> 25
 2.543593e+001 5.155805e+001 3.486446e+001 4.458964e+001 4.623988e+001 5.409675e+001 4.438430e+001 5.954620e+001 4.205251e+001 3.870583e+001 4.051383e+001 4.220016e+001 1.240049e+000 2.532034e+000 1.910749e+000 2.271440e+000 2.416694e+000 2.821302e+000 2.705846e+000 3.756895e+000 2.698614e+000 2.543329e+000 2.563471e+000 2.314945e+000 3.709323e+000
<GCONST> 1.028865e+002
<TRANSP> 5
 0.000000e+000 1.000000e+000 0.000000e+000 0.000000e+000 0.000000e+000
 0.000000e+000 5.822916e-001 4.177085e-001 0.000000e+000 0.000000e+000
 0.000000e+000 0.000000e+000 5.832382e-001 4.167618e-001 0.000000e+000
 0.000000e+000 0.000000e+000 0.000000e+000 7.497745e-001 2.502255e-001
 0.000000e+000 0.000000e+000 0.000000e+000 0.000000e+000 0.000000e+000
<ENDHMM>
~h "b"
<BEGINHMM>
<NUMSTATES> 5
<STATE> 2
<MEAN> 25
 7.781938e+000 4.351038e+000 2.872531e+000 8.789537e-001 -2.976665e-002 3.955356e+000 -8.241780e-001 -5.274909e+000 -3.216742e+000 2.516755e-001 1.124566e+000 -1.377423e+000 3.933074e-001 5.292867e-001 -4.408316e-002 9.578774e-002 2.771708e-001 2.329315e-001 1.353147e-001 -2.607835e-001 7.790787e-002 2.156705e-002 2.435762e-001 -2.728751e-002 -2.307418e-001
<VARIANCE> 25
 3.593871e+001 5.864904e+001 4.225525e+001 6.063773e+001 4.574276e+001 5.053419e+001 5.873628e+001 5.795304e+001 5.910296e+001 3.821272e+001 4.352615e+001 3.349813e+001 2.462136e+000 5.672402e+000 3.705740e+000 5.716656e+000 4.248850e+000 3.779450e+000 5.898352e+000 5.061083e+000 5.619870e+000 3.785453e+000 4.078264e+000 3.055060e+000 1.084126e+001
<GCONST> 1.121603e+002
<STATE> 3
<MEAN> 25
 8.174676e+000 4.569701e+000 2.352954e+000 2.839169e-001 -1.172754e-002 4.243229e+000 -1.121158e+000 -5.343646e+000 -2.447348e+000 5.135167e-001 1.776189e+000 -1.578807e+000 -7.517838e-002 -3.494435e-001 -3.347033e-001 -4.232646e-001 -1.816421e-001 2.084955e-002 -3.588207e-001 2.828585e-001 5.719178e-001 1.624450e-001 1.591742e-001 -1.889294e-001 8.614074e-001
<VARIANCE> 25
 3.092070e+001 6.192722e+001 4.161743e+001 6.533080e+001 4.643570e+001 5.147212e+001 5.681611e+001 5.187699e+001 5.954211e+001 3.951785e+001 4.574628e+001 3.383580e+001 2.351274e+000 7.017766e+000 3.946216e+000 6.696141e+000 4.695376e+000 4.201893e+000 6.592686e+000 5.540587e+000 6.507749e+000 4.281263e+000 4.660330e+000 3.785074e+000 1.201689e+001
<GCONST> 1.136297e+002
<STATE> 4
<MEAN> 25
 7.517256e+000 3.318148e+000 1.698550e+000 -8.221482e-001 -1.103526e+000 4.195098e+000 -2.236228e+000 -4.090579e+000 -1.117983e+000 5.513991e-001 1.754355e+000 -2.217414e+000 -3.975917e-001 -6.375462e-001 -2.591263e-001 -2.770906e-001 -3.006174e-001 -2.589368e-001 -3.300446e-001 5.142409e-001 5.186545e-001 -3.136171e-004 -5.024229e-002 -6.914490e-002 9.965425e-001
<VARIANCE> 25
 3.010365e+001 7.505256e+001 4.911713e+001 7.207156e+001 5.576952e+001 6.033535e+001 6.151874e+001 5.671048e+001 6.779101e+001 4.203188e+001 5.035808e+001 3.828023e+001 1.788751e+000 5.023595e+000 3.460945e+000 5.149304e+000 4.363002e+000 3.935443e+000 5.043190e+000 4.665213e+000 5.578899e+000 3.744195e+000 4.337888e+000 3.680197e+000 8.355888e+000
<GCONST> 1.126489e+002
<TRANSP> 5
 0.000000e+000 1.000000e+000 0.000000e+000 0.000000e+000 0.000000e+000
 0.000000e+000 6.005874e-001 3.994126e-001 0.000000e+000 0.000000e+000
 0.000000e+000 0.000000e+000 6.046142e-001 3.953858e-001 0.000000e+000
 0.000000e+000 0.000000e+000 0.000000e+000 6.970287e-001 3.029713e-001
 0.000000e+000 0.000000e+000 0.000000e+000 0.000000e+000 0.000000e+000
<ENDHMM>
~h "c"
<BEGINHMM>
<NUMSTATES> 5
<STATE> 2
<MEAN> 25
 -4.099786e+000 3.696476e+000 9.624249e-001 1.903758e+000 9.770408e-001 -4.317403e+000 1.458009e+000 -8.716971e-002 2.167391e-001 -1.097160e+000 5.034657e-002 2.690139e+000 -1.714462e+000 -1.230304e-001 -5.132449e-001 -4.469912e-001 4.278716e-001 -2.671871e-001 4.067285e-001 8.284608e-002 3.116134e-001 -2.054625e-002 2.242013e-001 2.654408e-001 4.646730e-001
<VARIANCE> 25
 8.752933e+001 4.699551e+001 4.067832e+001 3.871809e+001 4.542392e+001 4.334387e+001 5.263953e+001 5.964598e+001 4.241469e+001 3.505050e+001 3.220038e+001 2.793951e+001 8.341607e+000 5.533023e+000 4.214056e+000 4.398300e+000 5.152186e+000 4.133771e+000 4.760023e+000 4.867084e+000 3.859403e+000 3.451709e+000 3.236477e+000 3.043384e+000 1.571129e+001
<GCONST> 1.119585e+002
<STATE> 3
<MEAN> 25
 -8.784715e+000 2.219026e+000 -4.672703e-001 -2.694448e-001 1.121776e+000 -4.766928e+000 1.946085e+000 6.153758e-001 1.468689e+000 -1.143053e+000 6.906540e-001 3.273730e+000 -2.339635e-001 -7.403789e-001 -7.245186e-002 -6.324651e-001 -3.647665e-001 -8.552979e-002 -3.725062e-001 4.479652e-001 3.487040e-001 -6.006499e-002 -1.104229e-002 -5.052904e-002 1.899099e+000
<VARIANCE> 25
 1.002160e+002 4.128861e+001 4.041772e+001 3.927007e+001 4.272746e+001 4.204083e+001 5.628035e+001 4.997022e+001 3.797425e+001 3.301794e+001 2.921580e+001 2.432642e+001 1.701513e+001 4.784106e+000 4.842446e+000 4.398441e+000 5.142503e+000 4.228083e+000 5.905502e+000 5.571149e+000 4.155446e+000 3.647881e+000 3.683953e+000 3.118027e+000 1.217557e+001
<GCONST> 1.124701e+002
<STATE> 4
<MEAN> 25
 -6.248176e+000 -4.745673e-001 2.988667e-001 -1.634057e+000 -7.369069e-001 -4.550699e+000 1.582375e-001 2.248021e+000 2.129702e+000 -1.129494e+000 2.855246e-001 2.275188e+000 1.635125e+000 -8.808614e-001 2.788354e-001 -4.015760e-001 -5.955994e-001 2.954347e-001 -8.300302e-001 3.452771e-001 1.017900e-001 7.303453e-003 -1.924297e-001 -5.908819e-001 1.533573e+000
<VARIANCE> 25
 1.118167e+002 5.034823e+001 4.561704e+001 3.654298e+001 4.564962e+001 4.143270e+001 6.932968e+001 6.295154e+001 4.295536e+001 3.202075e+001 3.264905e+001 2.862203e+001 1.426401e+001 4.826501e+000 4.914934e+000 4.027042e+000 4.610260e+000 4.512325e+000 6.338397e+000 6.034870e+000 4.634150e+000 3.588396e+000 3.577548e+000 3.236058e+000 7.590242e+000
<GCONST> 1.131779e+002
<TRANSP> 5
 0.000000e+000 1.000000e+000 0.000000e+000 0.000000e+000 0.000000e+000
 0.000000e+000 7.124841e-001 2.875159e-001 0.000000e+000 0.000000e+000
 0.000000e+000 0.000000e+000 7.235310e-001 2.764689e-001 0.000000e+000
 0.000000e+000 0.000000e+000 0.000000e+000 7.760264e-001 2.239736e-001
 0.000000e+000 0.000000e+000 0.000000e+000 0.000000e+000 0.000000e+000
<ENDHMM>
~h "d"
<BEGINHMM>
<NUMSTATES> 5
<STATE> 2
<MEAN> 25
 5.155084e+000 1.216738e+000 5.708839e+000 4.083769e+000 -2.385473e+000 -2.338692e+000 -3.214178e+000 -3.822622e-001 1.080389e+000 -1.248895e+000 -2.320988e+000 -7.009437e-001 1.746966e-001 1.442208e-001 5.054291e-001 2.999504e-001 2.401671e-002 -4.124430e-001 -2.882666e-001 3.146529e-001 1.843098e-001 -1.948173e-001 1.442757e-002 1.245655e-001 5.789483e-002
<VARIANCE> 25
 3.849551e+001 6.554384e+001 5.540661e+001 5.297148e+001 6.200811e+001 4.692480e+001 6.660500e+001 9.340742e+001 5.901274e+001 4.225320e+001 5.357242e+001 3.465866e+001 3.131302e+000 6.197905e+000 3.980556e+000 5.316779e+000 6.210230e+000 3.676147e+000 5.783278e+000 7.648270e+000 5.048081e+000 3.804657e+000 4.833815e+000 3.270288e+000 1.177579e+001
<GCONST> 1.149415e+002
<STATE> 3
<MEAN> 25
 5.170302e+000 7.728804e-001 6.547744e+000 3.853271e+000 -2.946454e+000 -3.176562e+000 -4.064479e+000 7.581791e-001 1.412846e+000 -1.563840e+000 -1.842351e+000 -3.333256e-001 -1.783253e-001 -4.478566e-001 2.861626e-002 -4.166357e-001 -4.494209e-001 -1.366305e-001 -3.414758e-001 6.025226e-001 1.161755e-001 -4.803649e-002 3.316711e-001 6.442109e-002 1.009442e+000
<VARIANCE> 25
 3.444787e+001 6.312634e+001 5.197367e+001 5.227827e+001 6.552063e+001 4.628232e+001 6.806688e+001 9.049634e+001 6.006336e+001 3.996199e+001 5.469616e+001 3.550026e+001 3.029912e+000 6.610084e+000 4.453284e+000 5.701762e+000 7.350986e+000 3.934177e+000 6.400709e+000 8.648647e+000 5.666695e+000 4.029239e+000 5.555070e+000 3.665249e+000 1.265174e+001
<GCONST> 1.159259e+002
<STATE> 4
<MEAN> 25
 4.416848e+000 -8.694931e-001 6.093602e+000 1.998957e+000 -4.982195e+000 -2.963442e+000 -4.562766e+000 2.198727e+000 1.389038e+000 -1.368493e+000 -7.470976e-001 -5.101256e-001 -2.609547e-001 -4.378578e-001 -3.069055e-001 -5.048361e-001 -3.001330e-001 1.913196e-001 1.396263e-002 3.077734e-001 -2.425622e-002 6.396745e-002 2.322277e-001 -9.213689e-002 8.444095e-001
<VARIANCE> 25
 3.095832e+001 6.357838e+001 6.380130e+001 5.379192e+001 7.036119e+001 4.752759e+001 6.504558e+001 9.685897e+001 6.883665e+001 3.856425e+001 5.953852e+001 3.701065e+001 2.259173e+000 4.433129e+000 3.802495e+000 4.095267e+000 6.369184e+000 3.608908e+000 5.373743e+000 6.830921e+000 5.043621e+000 3.455872e+000 4.835721e+000 3.354350e+000 8.626565e+000
<GCONST> 1.137047e+002
<TRANSP> 5
 0.000000e+000 1.000000e+000 0.000000e+000 0.000000e+000 0.000000e+000
 0.000000e+000 6.222150e-001 3.777850e-001 0.000000e+000 0.000000e+000
 0.000000e+000 0.000000e+000 6.313069e-001 3.686931e-001 0.000000e+000
 0.000000e+000 0.000000e+000 0.000000e+000 7.218401e-001 2.781599e-001
 0.000000e+000 0.000000e+000 0.000000e+000 0.000000e+000 0.000000e+000
<ENDHMM>
~h "e"
<BEGINHMM>
<NUMSTATES> 5
<STATE> 2
<MEAN> 25
 2.693153e+000 -4.595442e+000 5.214066e+000 -6.220759e-001 -7.902144e+000 -5.147324e+000 -1.256245e+000 4.912834e+000 -6.044577e-001 1.442858e-001 2.344232e+000 -5.389889e-001 8.000365e-002 -4.366678e-001 4.496593e-001 -1.866675e-001 -7.284938e-001 -2.425112e-001 1.747004e-001 6.508015e-001 -1.891243e-001 -4.094724e-002 2.526092e-001 -3.836652e-002 6.666164e-001
<VARIANCE> 25
 3.031760e+001 6.400198e+001 5.565634e+001 4.624268e+001 7.408830e+001 5.429991e+001 6.185949e+001 9.319870e+001 6.238558e+001 4.272010e+001 4.986112e+001 3.385958e+001 2.411337e+000 3.817284e+000 2.915403e+000 3.093929e+000 4.755247e+000 3.281502e+000 4.248975e+000 5.979144e+000 4.294675e+000 3.153050e+000 3.296722e+000 2.398436e+000 7.539634e+000
<GCONST> 1.107449e+002
<STATE> 3
<MEAN> 25
 2.795885e+000 -4.927384e+000 5.913908e+000 -8.085731e-001 -8.754996e+000 -5.358418e+000 -6.566310e-001 5.614131e+000 -1.090356e+000 1.514693e-001 2.623138e+000 -6.986027e-001 2.226567e-002 -9.185050e-003 1.400496e-001 7.004314e-003 -1.208017e-001 -6.611995e-002 1.574243e-001 9.308602e-002 -1.107931e-001 8.401707e-003 1.772544e-002 -3.162806e-002 9.962595e-002
<VARIANCE> 25
 2.618903e+001 6.006300e+001 5.421248e+001 4.608973e+001 7.084149e+001 5.300389e+001 6.059240e+001 9.296178e+001 6.278948e+001 4.301085e+001 4.884307e+001 3.268426e+001 1.823118e+000 3.199741e+000 2.460176e+000 2.782026e+000 4.103810e+000 2.837108e+000 3.636094e+000 4.970643e+000 3.677462e+000 2.798729e+000 2.851935e+000 2.136972e+000 7.049427e+000
<GCONST> 1.084030e+002
<STATE> 4
<MEAN> 25
 2.261230e+000 -4.294311e+000 5.831045e+000 -6.134026e-001 -8.225098e+000 -5.550792e+000 5.241025e-001 5.051526e+000 -1.265390e+000 2.044816e-001 2.400329e+000 -4.500905e-001 -2.587628e-002 3.065442e-001 -1.950115e-001 2.090899e-001 4.748861e-001 1.000323e-001 3.343572e-002 -3.406344e-001 3.787075e-002 3.802954e-002 -2.054520e-001 3.206413e-002 -4.649789e-001
<VARIANCE> 25
 2.737198e+001 5.617710e+001 5.583743e+001 4.559914e+001 7.278493e+001 5.605248e+001 5.858458e+001 8.168669e+001 5.594957e+001 3.934493e+001 4.469571e+001 3.084919e+001 1.405044e+000 2.243525e+000 1.899554e+000 2.171754e+000 3.088768e+000 2.395365e+000 2.939233e+000 3.581718e+000 2.832303e+000 2.326727e+000 2.273476e+000 1.809364e+000 4.392525e+000
<GCONST> 1.045406e+002
<TRANSP> 5
 0.000000e+000 1.000000e+000 0.000000e+000 0.000000e+000 0.000000e+000
 0.000000e+000 6.258304e-001 3.741696e-001 0.000000e+000 0.000000e+000
 0.000000e+000 0.000000e+000 6.218855e-001 3.781145e-001 0.000000e+000
 0.000000e+000 0.000000e+000 0.000000e+000 8.051781e-001 1.948219e-001
 0.000000e+000 0.000000e+000 0.000000e+000 0.000000e+000 0.000000e+000
<ENDHMM>
~h "f"
<BEGINHMM>
<NUMSTATES> 5
<STATE> 2
<MEAN> 25
 -5.586255e+000 -1.619885e-001 -2.110375e+000 3.384053e+000 2.052718e+000 -4.187383e-002 2.151541e+000 -4.210590e-001 1.562546e+000 3.230618e-001 1.126643e+000 1.830237e+000 -1.874075e+000 -1.706881e-001 -5.507184e-001 6.255875e-001 4.178587e-001 -3.082892e-001 3.462804e-001 1.672767e-001 4.486887e-001 -5.496040e-002 1.005655e-001 2.747058e-001 -6.210853e-001
<VARIANCE> 25
 7.840689e+001 2.987692e+001 3.999989e+001 4.712656e+001 3.949751e+001 5.444764e+001 3.661498e+001 3.753027e+001 3.432462e+001 2.731730e+001 2.549658e+001 2.538520e+001 6.870375e+000 3.238077e+000 3.008885e+000 4.893218e+000 4.287063e+000 4.802764e+000 3.858954e+000 3.408637e+000 3.387050e+000 2.753736e+000 2.592590e+000 2.462280e+000 3.312410e+000
<GCONST> 1.061403e+002
<STATE> 3
<MEAN> 25
 -8.991271e+000 -1.385661e+000 -3.359363e+000 3.640586e+000 2.112024e+000 -6.043533e-001 2.240447e+000 -1.469065e-001 2.166781e+000 2.841663e-001 1.441894e+000 2.148623e+000 -3.018333e-001 -3.450379e-001 -2.800256e-001 -1.965188e-001 -1.120808e-001 -4.085314e-002 -7.599897e-002 4.479378e-002 7.262430e-002 -2.276774e-002 9.768649e-002 -4.798461e-002 2.378885e-002
<VARIANCE> 25
 6.826740e+001 2.719049e+001 3.443098e+001 4.276215e+001 3.525685e+001 4.653306e+001 3.302097e+001 3.311826e+001 3.129501e+001 2.611558e+001 2.346146e+001 2.380029e+001 9.232668e+000 2.666026e+000 2.847267e+000 4.569376e+000 3.535145e+000 4.305768e+000 3.099207e+000 2.792228e+000 2.933129e+000 2.496859e+000 2.327608e+000 2.399352e+000 3.537132e+000
<GCONST> 1.038232e+002
<STATE> 4
<MEAN> 25
 -7.773045e+000 -1.895783e+000 -3.704144e+000 2.637071e+000 1.838175e+000 -2.980723e-001 2.146578e+000 6.982894e-002 1.989279e+000 1.513905e-001 1.327013e+000 1.966080e+000 1.054755e+000 -2.422776e-002 1.559856e-001 -4.394583e-001 -3.401969e-001 1.596209e-001 -2.480623e-001 -2.530216e-002 -2.010844e-001 -7.436571e-002 4.281192e-002 -2.672770e-001 3.387539e-001
<VARIANCE> 25
 7.777461e+001 3.138243e+001 3.789285e+001 4.747233e+001 3.944729e+001 4.966108e+001 3.494125e+001 3.281501e+001 3.348730e+001 2.600691e+001 2.374520e+001 2.664913e+001 6.977755e+000 2.504213e+000 2.806623e+000 3.791461e+000 3.426755e+000 3.594027e+000 2.967092e+000 2.811593e+000 3.077722e+000 2.465528e+000 2.331069e+000 2.288801e+000 3.344495e+000
<GCONST> 1.038522e+002
<TRANSP> 5
 0.000000e+000 1.000000e+000 0.000000e+000 0.000000e+000 0.000000e+000
 0.000000e+000 6.946842e-001 3.053158e-001 0.000000e+000 0.000000e+000
 0.000000e+000 0.000000e+000 6.900610e-001 3.099391e-001 0.000000e+000
 0.000000e+000 0.000000e+000 0.000000e+000 8.251092e-001 1.748908e-001
 0.000000e+000 0.000000e+000 0.000000e+000 0.000000e+000 0.000000e+000
<ENDHMM>
~h "g"
<BEGINHMM>
<NUMSTATES> 5
<STATE> 2
<MEAN> 25
 4.985367e+000 2.701514e+000 3.768240e+000 2.651682e+000 -1.709329e+000 -2.491091e+000 -1.533409e+000 -1.237137e+000 -2.949423e+000 2.442777e+000 -9.004420e-002 -1.438265e+000 -1.156960e-001 2.462094e-001 1.116287e-001 4.069925e-001 2.451958e-001 -6.533177e-001 -4.555367e-002 1.237377e-001 -1.088553e-001 4.566708e-002 6.803785e-002 2.196383e-001 -9.263682e-002
<VARIANCE> 25
 3.676033e+001 5.806370e+001 6.202399e+001 5.493851e+001 6.885694e+001 6.416307e+001 6.236338e+001 6.842837e+001 6.472617e+001 4.490873e+001 4.129796e+001 3.597011e+001 3.024559e+000 5.581464e+000 5.753626e+000 4.888189e+000 7.206639e+000 4.963656e+000 5.369938e+000 5.746263e+000 5.911836e+000 3.936365e+000 3.889310e+000 3.477886e+000 9.516742e+000
<GCONST> 1.149514e+002
<STATE> 3
<MEAN> 25
 4.556542e+000 2.623520e+000 3.639582e+000 2.755497e+000 -1.481828e+000 -3.624468e+000 -1.835972e+000 -5.781927e-001 -2.764854e+000 2.398994e+000 1.171331e-001 -1.040022e+000 -1.816533e-001 -1.925356e-001 -1.104676e-001 -2.939297e-001 -1.720009e-001 -2.135902e-001 -1.602072e-001 3.987846e-001 2.129401e-001 -6.179167e-002 1.386537e-001 5.233141e-002 6.322615e-001
<VARIANCE> 25
 3.652898e+001 5.948447e+001 6.465025e+001 5.195735e+001 7.319534e+001 6.417761e+001 5.992152e+001 6.744313e+001 6.001604e+001 4.376905e+001 4.103497e+001 3.515258e+001 3.141477e+000 5.557427e+000 6.142553e+000 5.305265e+000 8.361181e+000 5.201337e+000 5.375361e+000 6.148218e+000 5.937804e+000 3.908136e+000 4.231452e+000 3.800655e+000 9.573366e+000
<GCONST> 1.154523e+002
<STATE> 4
<MEAN> 25
 4.224743e+000 2.088363e+000 3.369745e+000 1.294225e+000 -2.494141e+000 -3.156343e+000 -2.080431e+000 4.044128e-001 -1.907808e+000 2.101266e+000 3.801830e-001 -1.374227e+000 -1.941635e-001 -3.878353e-001 -2.261171e-001 -6.210380e-001 -2.026442e-001 2.868436e-001 -6.942203e-002 3.801614e-001 2.851133e-001 -1.230101e-001 3.684546e-002 -8.200389e-002 7.580616e-001
<VARIANCE> 25
 3.615217e+001 6.874308e+001 6.848010e+001 5.653134e+001 6.726207e+001 6.276456e+001 5.739835e+001 7.332311e+001 6.412454e+001 4.179029e+001 4.288572e+001 3.621436e+001 2.470407e+000 3.917628e+000 4.752245e+000 4.141570e+000 6.700399e+000 4.318693e+000 4.169917e+000 5.063932e+000 4.835569e+000 3.263450e+000 3.880547e+000 3.492503e+000 6.287160e+000
<GCONST> 1.128294e+002
<TRANSP> 5
 0.000000e+000 1.000000e+000 0.000000e+000 0.000000e+000 0.000000e+000
 0.000000e+000 5.861210e-001 4.138790e-001 0.000000e+000 0.000000e+000
 0.000000e+000 0.000000e+000 5.873949e-001 4.126051e-001 0.000000e+000
 0.000000e+000 0.000000e+000 0.000000e+000 6.545584e-001 3.454417e-001
 0.000000e+000 0.000000e+000 0.000000e+000 0.000000e+000 0.000000e+000
<ENDHMM>
~h "h"
<BEGINHMM>
<NUMSTATES> 5
<STATE> 2
<MEAN> 25
 4.177876e-001 -3.668605e+000 -2.958583e+000 2.172908e-002 5.136844e+000 3.846620e+000 2.771167e+000 2.036414e+000 1.469979e+000 -1.221492e+000 -1.973227e+000 2.930728e-001 -3.525370e-001 8.006542e-002 -1.822416e-001 4.281045e-001 6.531407e-001 8.119375e-002 5.105930e-001 -7.057532e-004 8.054360e-002 -1.362960e-001 1.807175e-003 2.604190e-001 -7.044137e-001
<VARIANCE> 25
 3.293367e+001 4.986995e+001 5.004000e+001 4.783252e+001 6.864917e+001 5.895667e+001 6.098427e+001 5.563894e+001 4.505402e+001 4.091247e+001 4.361232e+001 4.099853e+001 1.790308e+000 2.930966e+000 2.580927e+000 3.336271e+000 4.383185e+000 3.211792e+000 4.135866e+000 3.606773e+000 3.306165e+000 2.895649e+000 2.943941e+000 2.801535e+000 3.061081e+000
<GCONST> 1.072204e+002
<STATE> 3
<MEAN> 25
 -2.077572e-001 -3.512979e+000 -3.267712e+000 5.298565e-001 5.873421e+000 3.827945e+000 3.381435e+000 1.811514e+000 1.557983e+000 -1.404312e+000 -1.841757e+000 6.363313e-001 -1.605733e-001 1.312831e-001 -5.102453e-002 1.133790e-001 8.224182e-002 -6.328245e-002 1.412337e-001 -1.299453e-001 -1.890901e-002 -4.577276e-002 5.487022e-002 7.684479e-002 -5.951033e-001
<VARIANCE> 25
 3.382147e+001 4.990696e+001 4.816581e+001 4.495732e+001 6.619605e+001 5.590597e+001 5.822102e+001 5.214553e+001 4.305991e+001 3.973297e+001 4.102271e+001 3.833791e+001 1.808841e+000 2.727292e+000 2.425403e+000 3.011104e+000 4.003063e+000 3.001122e+000 3.775271e+000 3.316646e+000 3.051547e+000 2.743320e+000 2.754252e+000 2.684346e+000 3.221164e+000
<GCONST> 1.059914e+002
<STATE> 4
<MEAN> 25
 -1.407709e+000 -2.823684e+000 -3.855961e+000 6.880842e-001 5.083085e+000 3.168600e+000 3.181723e+000 1.245695e+000 1.566733e+000 -1.471107e+000 -1.321834e+000 7.108886e-001 5.445214e-002 1.730468e-001 9.642887e-002 -8.054088e-002 -3.095697e-001 -1.136558e-001 -1.286389e-001 -1.106204e-001 -7.107237e-002 2.890816e-002 4.774116e-002 -7.972469e-002 -2.234870e-001
<VARIANCE> 25
 3.451428e+001 5.312222e+001 4.231089e+001 3.927820e+001 5.559706e+001 4.921329e+001 4.823528e+001 4.352168e+001 3.760690e+001 3.305746e+001 3.414009e+001 3.434388e+001 1.550977e+000 2.180851e+000 1.945389e+000 2.200742e+000 2.849496e+000 2.403837e+000 2.858596e+000 2.663848e+000 2.474687e+000 2.295427e+000 2.245203e+000 2.191498e+000 2.799340e+000
<GCONST> 1.016196e+002
<TRANSP> 5
 0.000000e+000 1.000000e+000 0.000000e+000 0.000000e+000 0.000000e+000
 0.000000e+000 5.576366e-001 4.423634e-001 0.000000e+000 0.000000e+000
 0.000000e+000 0.000000e+000 5.588558e-001 4.411442e-001 0.000000e+000
 0.000000e+000 0.000000e+000 0.000000e+000 7.635610e-001 2.364389e-001
 0.000000e+000 0.000000e+000 0.000000e+000 0.000000e+000 0.000000e+000
<ENDHMM>
~h "i"
<BEGINHMM>
<NUMSTATES> 5
<STATE> 2
<MEAN> 25
 1.129158e-001 1.681021e+000 1.311086e+001 1.727583e+000 -8.640615e+000 -4.144942e+000 -3.336196e+000 -2.517524e+000 -6.592785e+000 -1.413786e+000 3.351179e+000 6.572535e-001 1.860550e-001 1.087385e-001 1.513935e+000 -1.753896e-001 -1.212505e+000 6.419694e-002 -6.106617e-001 -2.637200e-001 -9.581223e-001 -5.038850e-002 5.289844e-001 -5.375928e-002 6.885974e-001
<VARIANCE> 25
 3.535770e+001 3.717643e+001 7.509920e+001 4.402859e+001 6.561060e+001 4.795418e+001 5.836773e+001 6.048204e+001 6.355438e+001 4.431537e+001 3.797259e+001 3.355440e+001 3.779695e+000 2.825598e+000 6.452000e+000 3.557483e+000 6.314081e+000 4.033738e+000 5.615815e+000 4.926607e+000 6.110270e+000 3.738602e+000 3.285529e+000 2.834224e+000 5.760981e+000
<GCONST> 1.117187e+002
<STATE> 3
<MEAN> 25
 5.110708e-001 2.133288e+000 1.508288e+001 1.380201e+000 -1.032701e+001 -3.690232e+000 -4.047728e+000 -2.924915e+000 -7.776988e+000 -1.229985e+000 4.012293e+000 5.116842e-001 1.434434e-001 1.292522e-001 1.228900e-001 -3.956141e-002 -1.651533e-001 6.382324e-002 -2.451264e-002 -1.626477e-002 -4.940425e-002 7.186992e-002 4.269765e-002 -1.191023e-002 -1.683412e-001
<VARIANCE> 25
 2.423838e+001 3.399342e+001 6.273564e+001 4.267928e+001 5.838289e+001 4.793927e+001 5.200861e+001 5.800937e+001 5.924973e+001 4.641800e+001 3.729717e+001 3.461048e+001 2.237131e+000 2.492560e+000 5.485048e+000 2.989938e+000 5.775970e+000 3.464977e+000 4.660678e+000 4.349970e+000 5.201761e+000 3.142029e+000 2.988418e+000 2.371878e+000 5.340330e+000
<GCONST> 1.085343e+002
<STATE> 4
<MEAN> 25
 3.845230e-001 2.785975e+000 1.272817e+001 1.429649e+000 -8.300022e+000 -3.056759e+000 -2.727350e+000 -2.792293e+000 -6.378263e+000 -8.762373e-001 2.972178e+000 6.357725e-001 2.654320e-002 1.539865e-002 -8.885924e-001 1.432714e-001 6.592806e-001 -3.209774e-002 3.729687e-001 1.557234e-001 4.890386e-001 4.772902e-002 -2.951885e-001 4.898742e-002 -6.552294e-001
<VARIANCE> 25
 2.667435e+001 3.452702e+001 8.077277e+001 4.233118e+001 7.044951e+001 4.880171e+001 5.813320e+001 5.894978e+001 5.983687e+001 4.023414e+001 3.813858e+001 3.145118e+001 1.658837e+000 2.145966e+000 3.346065e+000 2.335970e+000 3.912499e+000 2.892873e+000 3.320225e+000 3.650909e+000 3.584521e+000 2.593325e+000 2.515254e+000 1.996832e+000 3.658721e+000
<GCONST> 1.054556e+002
<TRANSP> 5
 0.000000e+000 1.000000e+000 0.000000e+000 0.000000e+000 0.000000e+000
 0.000000e+000 6.969705e-001 3.030294e-001 0.000000e+000 0.000000e+000
 0.000000e+000 0.000000e+000 6.904498e-001 3.095502e-001 0.000000e+000
 0.000000e+000 0.000000e+000 0.000000e+000 8.443716e-001 1.556284e-001
 0.000000e+000 0.000000e+000 0.000000e+000 0.000000e+000 0.000000e+000
<ENDHMM>
~h "j"
<BEGINHMM>
<NUMSTATES> 5
<STATE> 2
<MEAN> 25
 1.450941e+000 6.559067e+000 7.902103e+000 4.318901e+000 -1.452894e+000 -4.141026e+000 -4.812595e-001 6.167460e-001 -1.595427e+000 -2.861303e+000 7.453352e-001 2.105051e+000 -5.743451e-001 6.237534e-001 4.724080e-001 9.932395e-002 2.611884e-001 -3.199739e-001 3.702916e-001 3.813758e-002 1.322415e-001 -1.332148e-001 1.307181e-001 3.081744e-001 1.211602e-002
<VARIANCE> 25
 5.775670e+001 6.175068e+001 4.794347e+001 3.691498e+001 5.401392e+001 4.867029e+001 5.681728e+001 5.733593e+001 4.522421e+001 3.441572e+001 3.263476e+001 2.874401e+001 7.330667e+000 5.874542e+000 4.331597e+000 3.881495e+000 6.297595e+000 4.056034e+000 5.716364e+000 5.311117e+000 4.666788e+000 3.317549e+000 3.322737e+000 3.224480e+000 1.051682e+001
<GCONST> 1.124645e+002
<STATE> 3
<MEAN> 25
 -8.294751e-001 6.582123e+000 8.579625e+000 3.437334e+000 -1.747358e+000 -4.982993e+000 -3.813554e-001 7.488025e-001 -9.251983e-001 -2.803768e+000 1.563447e+000 3.071822e+000 -2.885702e-001 -7.627843e-001 2.465755e-002 -5.102155e-001 -6.352203e-001 -2.222871e-001 -4.549784e-001 3.718493e-001 2.565966e-001 1.029043e-001 2.761435e-001 1.450643e-001 1.379548e+000
<VARIANCE> 25
 6.583453e+001 6.397820e+001 4.450982e+001 3.722636e+001 6.285209e+001 4.893395e+001 5.504018e+001 5.091780e+001 4.010376e+001 3.019163e+001 3.019751e+001 2.764927e+001 9.877408e+000 6.764916e+000 4.542354e+000 3.789047e+000 8.652127e+000 4.410421e+000 6.234361e+000 6.614392e+000 5.007173e+000 3.143488e+000 3.401432e+000 3.566586e+000 9.044062e+000
<GCONST> 1.133640e+002
<STATE> 4
<MEAN> 25
 -4.005706e-001 2.603237e+000 7.894340e+000 1.485600e+000 -4.639363e+000 -5.051290e+000 -2.546427e+000 2.447685e+000 -8.061847e-002 -2.252349e+000 2.259762e+000 2.709475e+000 4.077260e-001 -1.249796e+000 -6.165220e-001 -6.204516e-001 -4.991531e-001 2.120347e-001 -5.586832e-001 5.611978e-001 3.420205e-001 2.655722e-001 -6.035140e-002 -4.489700e-001 1.217779e+000
<VARIANCE> 25
 5.217360e+001 7.805576e+001 4.732250e+001 4.412177e+001 6.528708e+001 4.566026e+001 5.959107e+001 6.966306e+001 5.163743e+001 3.109689e+001 3.436980e+001 3.019044e+001 7.399427e+000 4.964243e+000 4.537724e+000 3.110712e+000 7.489237e+000 4.527679e+000 5.505923e+000 6.571741e+000 4.872656e+000 2.939841e+000 3.785388e+000 3.736012e+000 5.588675e+000
<GCONST> 1.129552e+002
<TRANSP> 5
 0.000000e+000 1.000000e+000 0.000000e+000 0.000000e+000 0.000000e+000
 0.000000e+000 7.314977e-001 2.685023e-001 0.000000e+000 0.000000e+000
 0.000000e+000 0.000000e+000 7.297214e-001 2.702786e-001 0.000000e+000
 0.000000e+000 0.000000e+000 0.000000e+000 7.559009e-001 2.440991e-001
 0.000000e+000 0.000000e+000 0.000000e+000 0.000000e+000 0.000000e+000
<ENDHMM>
~h "k"
<BEGINHMM>
<NUMSTATES> 5
<STATE> 2
<MEAN> 25
 -7.387766e-001 8.475161e-001 -2.420005e+000 3.072893e-001 1.476004e+000 -2.445693e+000 1.246235e+000 -6.068132e-001 2.882690e-001 1.236672e+000 -9.128315e-001 3.373330e-001 -6.087793e-001 -4.701299e-001 -8.074870e-001 7.842930e-002 6.457676e-001 -4.676132e-001 -8.843410e-003 2.336697e-001 2.020612e-001 1.524986e-001 -1.601546e-001 2.721141e-001 4.114138e-002
<VARIANCE> 25
 4.246675e+001 5.545469e+001 5.684186e+001 4.852811e+001 5.690173e+001 5.594626e+001 5.036214e+001 5.709244e+001 4.942620e+001 4.020843e+001 3.636895e+001 4.045911e+001 3.243230e+000 5.870971e+000 5.252832e+000 4.342723e+000 5.521350e+000 4.786924e+000 4.802741e+000 4.640040e+000 4.351271e+000 3.956058e+000 3.366096e+000 3.281046e+000 1.691917e+001
<GCONST> 1.130802e+002
<STATE> 3
<MEAN> 25
 -1.860483e+000 -9.673580e-001 -4.443672e+000 -2.424343e-001 2.612930e+000 -3.352511e+000 7.802263e-001 2.952145e-001 7.391118e-001 1.676734e+000 -1.340758e+000 5.994056e-001 -1.499974e-001 -6.706587e-001 -5.874905e-001 -4.387955e-001 1.646027e-001 -1.652018e-001 -2.796857e-001 3.968404e-001 1.018660e-001 1.154496e-001 -1.495750e-001 -1.180171e-001 1.502453e+000
<VARIANCE> 25
 4.094217e+001 5.787302e+001 6.273111e+001 4.900728e+001 5.924717e+001 5.832185e+001 5.163263e+001 5.406506e+001 4.661741e+001 3.952409e+001 3.525011e+001 4.043341e+001 4.406993e+000 5.899433e+000 6.620118e+000 5.020342e+000 6.703770e+000 5.495946e+000 5.078588e+000 5.006268e+000 4.589529e+000 4.125596e+000 3.699056e+000 4.076512e+000 1.706099e+001
<GCONST> 1.147064e+002
<STATE> 4
<MEAN> 25
 -1.549077e+000 -2.021192e+000 -4.768448e+000 -1.431145e+000 2.089367e+000 -3.011397e+000 3.946683e-001 1.091098e+000 9.164813e-001 1.466372e+000 -1.510876e+000 -8.675161e-002 3.460863e-001 -3.051625e-001 7.364585e-002 -4.749453e-001 -2.851689e-001 2.877115e-001 -2.476405e-001 2.816601e-001 -4.988736e-002 -9.327199e-002 1.081817e-002 -3.515916e-001 1.511194e+000
<VARIANCE> 25
 4.288906e+001 5.721754e+001 6.275820e+001 4.942681e+001 5.726828e+001 6.097398e+001 5.197705e+001 5.398669e+001 4.527701e+001 3.778313e+001 3.578443e+001 4.286881e+001 4.089511e+000 4.744327e+000 5.845769e+000 4.401222e+000 5.817307e+000 5.048627e+000 4.331844e+000 4.559824e+000 4.160800e+000 3.644539e+000 3.428064e+000 3.787313e+000 1.160683e+001
<GCONST> 1.129806e+002
<TRANSP> 5
 0.000000e+000 1.000000e+000 0.000000e+000 0.000000e+000 0.000000e+000
 0.000000e+000 5.922720e-001 4.077280e-001 0.000000e+000 0.000000e+000
 0.000000e+000 0.000000e+000 6.002653e-001 3.997348e-001 0.000000e+000
 0.000000e+000 0.000000e+000 0.000000e+000 6.748977e-001 3.251024e-001
 0.000000e+000 0.000000e+000 0.000000e+000 0.000000e+000 0.000000e+000
<ENDHMM>
~h "l"
<BEGINHMM>
<NUMSTATES> 5
<STATE> 2
<MEAN> 25
 5.793820e+000 -4.170493e+000 -6.247514e-002 -6.575245e+000 -1.248788e+000 3.284876e+000 -7.406155e+000 -3.267504e+000 2.760172e+000 3.547473e+000 1.038981e+000 -2.908616e+000 2.110353e-001 -9.974330e-003 1.323375e-001 -3.553160e-001 2.883084e-001 6.662156e-002 -5.567242e-001 -3.138177e-001 1.642240e-001 4.171489e-001 7.038056e-002 -1.494830e-001 -4.985448e-002
<VARIANCE> 25
 2.534530e+001 3.766314e+001 5.510666e+001 7.303271e+001 5.976687e+001 7.274358e+001 8.375645e+001 9.131362e+001 5.847252e+001 5.757761e+001 5.259084e+001 4.680275e+001 1.453600e+000 2.178567e+000 2.862309e+000 4.358907e+000 4.098416e+000 4.701761e+000 5.158762e+000 5.861916e+000 3.963663e+000 4.369560e+000 4.026542e+000 2.905906e+000 2.152605e+000
<GCONST> 1.104806e+002
<STATE> 3
<MEAN> 25
 5.930223e+000 -4.070815e+000 2.811543e-002 -7.040414e+000 -7.132928e-001 3.353178e+000 -7.985549e+000 -3.426452e+000 2.892423e+000 3.920990e+000 9.913989e-001 -3.053624e+000 -5.333424e-002 -1.629077e-002 -2.220352e-002 -5.591088e-002 1.391906e-001 -1.221314e-003 -1.498451e-004 1.652350e-001 1.935076e-002 -8.287811e-002 -1.436242e-001 -4.017107e-002 -5.896686e-002
<VARIANCE> 25
 2.341678e+001 3.684760e+001 5.567734e+001 7.426024e+001 5.860825e+001 7.002691e+001 8.860217e+001 8.862820e+001 5.846872e+001 5.978965e+001 5.327557e+001 4.660934e+001 1.230531e+000 2.234983e+000 2.922069e+000 4.168415e+000 3.819428e+000 4.495236e+000 5.370965e+000 5.911891e+000 3.843099e+000 4.480432e+000 4.170818e+000 2.853787e+000 2.147715e+000
<GCONST> 1.101990e+002
<STATE> 4
<MEAN> 25
 5.284451e+000 -3.690697e+000 -8.700734e-001 -6.800522e+000 -2.944635e-001 3.877617e+000 -6.584064e+000 -2.327534e+000 2.781981e+000 2.636021e+000 4.164088e-001 -3.064983e+000 -2.501728e-001 1.295232e-002 -1.052546e-001 3.045874e-001 -1.748224e-002 -8.681377e-002 4.865854e-001 4.041596e-001 -1.199695e-001 -4.134287e-001 -2.689542e-001 9.130042e-002 -1.582714e-001
<VARIANCE> 25
 2.836400e+001 4.288155e+001 5.797136e+001 7.649315e+001 6.047259e+001 6.953613e+001 8.921429e+001 7.994146e+001 5.843719e+001 5.741263e+001 5.332750e+001 4.622921e+001 1.006687e+000 2.079052e+000 2.504156e+000 3.356855e+000 3.347339e+000 3.674540e+000 4.233044e+000 4.579238e+000 3.452466e+000 3.633602e+000 3.694581e+000 2.477083e+000 2.076032e+000
<GCONST> 1.084076e+002
<TRANSP> 5
 0.000000e+000 1.000000e+000 0.000000e+000 0.000000e+000 0.000000e+000
 0.000000e+000 5.626214e-001 4.373786e-001 0.000000e+000 0.000000e+000
 0.000000e+000 0.000000e+000 5.621741e-001 4.378259e-001 0.000000e+000
 0.000000e+000 0.000000e+000 0.000000e+000 7.038317e-001 2.961683e-001
 0.000000e+000 0.000000e+000 0.000000e+000 0.000000e+000 0.000000e+000
<ENDHMM>
~h "m"
<BEGINHMM>
<NUMSTATES> 5
<STATE> 2
<MEAN> 25
 6.616436e+000 -1.115656e+000 1.921338e+000 -1.029894e-004 -6.852236e-001 4.639585e+000 -3.772715e-001 -6.745580e+000 -6.459877e+000 3.156926e-002 -4.176053e-001 -1.755479e+000 2.633568e-001 4.788118e-001 5.712495e-001 7.500343e-001 1.446963e-001 2.045181e-001 3.529122e-001 -1.204360e+000 -1.236582e+000 -8.832441e-003 -9.290044e-002 2.867361e-001 -3.933407e-001
<VARIANCE> 25
 2.697268e+001 4.246701e+001 4.748663e+001 6.304490e+001 4.320458e+001 5.576467e+001 6.444030e+001 8.513746e+001 8.301716e+001 4.772275e+001 4.974780e+001 4.779971e+001 1.431483e+000 2.404847e+000 3.631231e+000 4.775622e+000 2.676971e+000 2.915574e+000 3.891010e+000 6.781709e+000 6.900806e+000 3.181591e+000 4.485153e+000 3.439216e+000 3.168924e+000
<GCONST> 1.098457e+002
<STATE> 3
<MEAN> 25
 6.957734e+000 -3.504745e-001 2.949641e+000 1.137922e+000 -4.988026e-001 5.035255e+000 4.629068e-002 -8.658762e+000 -8.585053e+000 -5.428428e-002 -6.453137e-001 -1.203153e+000 4.383345e-002 1.496002e-001 1.464260e-001 1.800063e-001 4.306336e-002 1.015947e-001 5.292247e-002 -2.389536e-001 -3.148040e-001 -2.607778e-002 -6.052019e-002 4.790125e-002 -2.989956e-002
<VARIANCE> 25
 2.281836e+001 3.618661e+001 4.336063e+001 5.873378e+001 4.058812e+001 5.385056e+001 6.513417e+001 8.073834e+001 7.785049e+001 4.915194e+001 5.105581e+001 4.743878e+001 1.195903e+000 2.398507e+000 3.656827e+000 5.088453e+000 2.359530e+000 2.775392e+000 3.632812e+000 7.088383e+000 7.537165e+000 3.011792e+000 4.099749e+000 3.534372e+000 3.246018e+000
<GCONST> 1.088835e+002
<STATE> 4
<MEAN> 25
 6.219201e+000 -1.547397e-001 2.391572e+000 9.372600e-001 -4.318271e-001 5.222914e+000 -4.341792e-001 -7.243391e+000 -7.314547e+000 -4.153431e-001 -7.743921e-001 -1.504246e+000 -1.500844e-001 -6.938093e-002 -3.086973e-001 -2.549708e-001 -2.823607e-002 -7.683631e-002 -9.135498e-002 6.484964e-001 6.127509e-001 -2.321088e-002 7.242703e-003 -1.891460e-001 4.940249e-002
<VARIANCE> 25
 2.720716e+001 4.020335e+001 4.758440e+001 5.977611e+001 4.487663e+001 5.563385e+001 6.281847e+001 8.296413e+001 8.073431e+001 4.588338e+001 4.748751e+001 4.591249e+001 9.258348e-001 2.006386e+000 2.932681e+000 3.674800e+000 2.283868e+000 2.491202e+000 3.075673e+000 5.129095e+000 5.475637e+000 2.640944e+000 3.382040e+000 2.899909e+000 2.595086e+000
<GCONST> 1.065853e+002
<TRANSP> 5
 0.000000e+000 1.000000e+000 0.000000e+000 0.000000e+000 0.000000e+000
 0.000000e+000 6.077017e-001 3.922983e-001 0.000000e+000 0.000000e+000
 0.000000e+000 0.000000e+000 6.184313e-001 3.815687e-001 0.000000e+000
 0.000000e+000 0.000000e+000 0.000000e+000 7.686983e-001 2.313018e-001
 0.000000e+000 0.000000e+000 0.000000e+000 0.000000e+000 0.000000e+000
<ENDHMM>
~h "n"
<BEGINHMM>
<NUMSTATES> 5
<STATE> 2
<MEAN> 25
 6.273545e+000 -2.381164e+000 4.084173e+000 1.823078e+000 -2.803297e+000 -1.283989e+000 -3.050533e+000 -2.632802e+000 -1.071291e+000 1.891224e+000 -4.838021e+000 -2.341431e+000 3.040931e-001 9.616217e-001 8.698017e-001 1.042367e+000 -1.626904e-001 -3.995693e-001 1.970585e-001 -1.731459e+000 -3.780343e-001 5.675586e-001 -4.095729e-001 4.181137e-001 -9.881213e-001
<VARIANCE> 25
 1.897373e+001 4.698337e+001 4.957959e+001 4.922518e+001 4.862826e+001 4.683757e+001 5.720444e+001 1.248424e+002 5.372958e+001 5.405043e+001 5.009496e+001 3.998530e+001 1.238024e+000 3.389133e+000 4.121562e+000 4.153138e+000 3.191834e+000 3.797822e+000 4.665436e+000 1.158603e+001 4.932680e+000 4.757379e+000 4.251388e+000 2.936471e+000 3.537602e+000
<GCONST> 1.104233e+002
<STATE> 3
<MEAN> 25
 6.544836e+000 -2.685063e-001 5.624647e+000 3.687747e+000 -3.057063e+000 -1.656604e+000 -2.378550e+000 -6.092012e+000 -1.864740e+000 2.775884e+000 -5.329019e+000 -1.229313e+000 -4.623042e-002 6.236194e-001 2.742958e-001 4.148924e-001 5.314890e-002 1.340148e-002 2.401087e-001 -6.922716e-001 -2.274739e-001 4.484316e-002 -1.406767e-002 3.026755e-001 -7.329422e-001
<VARIANCE> 25
 1.903017e+001 3.844516e+001 4.102928e+001 4.519095e+001 4.640545e+001 4.349932e+001 6.223743e+001 1.060329e+002 5.193312e+001 5.619174e+001 4.795862e+001 3.885808e+001 1.327015e+000 3.434463e+000 3.856327e+000 4.205821e+000 3.214747e+000 3.453078e+000 4.379746e+000 1.178054e+001 4.562315e+000 4.522874e+000 3.787116e+000 2.849338e+000 3.604076e+000
<GCONST> 1.093224e+002
<STATE> 4
<MEAN> 25
 5.696938e+000 9.706007e-001 5.383814e+000 4.072008e+000 -2.239386e+000 -9.182343e-001 -1.674543e+000 -6.041255e+000 -2.194786e+000 1.894650e+000 -4.707505e+000 -5.670392e-001 -4.184329e-001 2.415488e-001 -3.607342e-001 -1.294761e-001 3.455538e-001 2.128040e-001 2.201246e-001 4.566126e-001 -4.331760e-002 -4.237323e-001 3.242074e-001 8.424189e-002 -5.892708e-001
<VARIANCE> 25
 2.616196e+001 4.248439e+001 4.308151e+001 4.710741e+001 5.164941e+001 4.311134e+001 5.995837e+001 9.540514e+001 5.025212e+001 5.523434e+001 4.619436e+001 3.854824e+001 1.495502e+000 2.896660e+000 2.905918e+000 3.140973e+000 3.051522e+000 2.952514e+000 3.572566e+000 7.329639e+000 3.588093e+000 3.509522e+000 3.003495e+000 2.400193e+000 3.399673e+000
<GCONST> 1.072223e+002
<TRANSP> 5
 0.000000e+000 1.000000e+000 0.000000e+000 0.000000e+000 0.000000e+000
 0.000000e+000 6.270421e-001 3.729579e-001 0.000000e+000 0.000000e+000
 0.000000e+000 0.000000e+000 6.258895e-001 3.741105e-001 0.000000e+000
 0.000000e+000 0.000000e+000 0.000000e+000 7.436611e-001 2.563389e-001
 0.000000e+000 0.000000e+000 0.000000e+000 0.000000e+000 0.000000e+000
<ENDHMM>
~h "o"
<BEGINHMM>
<NUMSTATES> 5
<STATE> 2
<MEAN> 25
 5.877420e+000 1.535965e-001 -5.257906e+000 -1.056000e+001 -2.907437e+000 7.494971e+000 -3.618098e+000 -2.206991e+000 -4.077822e-002 1.346331e+000 4.213024e+000 2.703664e-002 8.007777e-001 -8.627048e-002 -4.237612e-001 -1.775667e+000 -4.897197e-001 1.360159e+000 -2.092992e-001 1.193582e-001 -1.185632e-002 -5.482464e-002 6.049229e-001 -5.366381e-002 9.624786e-001
<VARIANCE> 25
 3.662889e+001 3.586164e+001 5.047563e+001 9.721741e+001 6.290673e+001 6.790373e+001 7.281084e+001 5.442321e+001 5.432664e+001 5.888336e+001 4.367883e+001 3.785614e+001 3.451065e+000 2.614496e+000 4.159476e+000 8.041174e+000 5.362288e+000 5.922789e+000 4.835972e+000 4.549361e+000 4.510659e+000 4.468710e+000 3.833866e+000 3.115927e+000 5.823359e+000
<GCONST> 1.132563e+002
<STATE> 3
<MEAN> 25
 7.139982e+000 1.632397e-002 -5.617822e+000 -1.327905e+001 -3.540206e+000 9.792865e+000 -3.371366e+000 -1.982056e+000 -1.389577e-002 8.914714e-001 5.037299e+000 -5.695835e-003 2.544960e-001 -6.856927e-002 5.801780e-002 -2.857107e-001 -6.433584e-002 2.987605e-001 6.510527e-002 6.512806e-003 6.791409e-002 -4.631028e-002 3.338205e-002 -5.721313e-002 6.691827e-002
<VARIANCE> 25
 2.619464e+001 3.560736e+001 4.051655e+001 8.624832e+001 5.719455e+001 5.920600e+001 6.899870e+001 5.336413e+001 5.276034e+001 6.202795e+001 4.268839e+001 3.863811e+001 2.124645e+000 2.313587e+000 2.927249e+000 7.436379e+000 4.122187e+000 5.402847e+000 4.056751e+000 3.725730e+000 3.835051e+000 4.025691e+000 3.483805e+000 2.753263e+000 4.838206e+000
<GCONST> 1.098503e+002
<STATE> 4
<MEAN> 25
 6.947574e+000 3.825851e-001 -4.878922e+000 -1.219900e+001 -3.009110e+000 9.416098e+000 -2.289762e+000 -1.864368e+000 6.887603e-001 1.412828e-001 3.692789e+000 -6.069792e-002 -1.945339e-001 3.011574e-002 2.801140e-001 9.507960e-001 2.817897e-001 -6.236113e-001 1.223124e-001 -1.013515e-001 7.206202e-002 7.918211e-002 -3.924618e-001 -6.804176e-002 -6.147956e-001
<VARIANCE> 25
 2.907160e+001 4.009610e+001 3.736079e+001 9.991971e+001 5.740781e+001 6.218659e+001 6.934954e+001 5.233035e+001 5.048116e+001 5.712365e+001 4.017719e+001 3.810218e+001 1.286027e+000 1.859103e+000 2.054282e+000 4.741473e+000 2.886091e+000 3.760907e+000 3.258732e+000 3.161238e+000 3.112598e+000 3.245232e+000 2.703605e+000 2.242634e+000 3.104238e+000
<GCONST> 1.060228e+002
<TRANSP> 5
 0.000000e+000 1.000000e+000 0.000000e+000 0.000000e+000 0.000000e+000
 0.000000e+000 6.952875e-001 3.047126e-001 0.000000e+000 0.000000e+000
 0.000000e+000 0.000000e+000 6.891536e-001 3.108463e-001 0.000000e+000
 0.000000e+000 0.000000e+000 0.000000e+000 8.456979e-001 1.543021e-001
 0.000000e+000 0.000000e+000 0.000000e+000 0.000000e+000 0.000000e+000
<ENDHMM>
~h "p"
<BEGINHMM>
<NUMSTATES> 5
<STATE> 2
<MEAN> 25
 1.637247e+000 2.519719e+000 -1.603859e+000 4.254595e-002 1.234458e+000 1.025077e+000 1.701435e+000 -2.777252e+000 5.234309e-001 2.388850e-001 1.888676e-001 -4.522512e-001 -3.578543e-001 -4.734338e-002 -3.907951e-001 -7.813919e-002 1.079578e-001 -8.339931e-002 1.615112e-001 1.083082e-001 3.106536e-001 -1.218956e-001 1.750116e-001 9.820931e-002 -2.607853e-001
<VARIANCE> 25
 4.507972e+001 4.558263e+001 3.848914e+001 5.561427e+001 3.478980e+001 5.120753e+001 4.103364e+001 4.512354e+001 4.349351e+001 3.186305e+001 3.194260e+001 3.639038e+001 3.877011e+000 4.625535e+000 2.661013e+000 4.958767e+000 3.405337e+000 4.570845e+000 3.954035e+000 3.746672e+000 3.581680e+000 3.057808e+000 3.018243e+000 2.868335e+000 1.960690e+001
<GCONST> 1.089800e+002
<STATE> 3
<MEAN> 25
 1.096940e+000 1.241591e+000 -2.879817e+000 -1.120330e+000 9.825095e-001 1.325458e+000 1.517991e+000 -2.262179e+000 1.312080e+000 6.654926e-002 6.951044e-001 -6.193947e-001 3.994532e-002 -8.492358e-001 -4.786150e-001 -6.580483e-001 -1.847281e-001 3.191645e-001 -3.159402e-001 2.722577e-001 2.884552e-001 2.250709e-002 1.804978e-001 -2.218838e-001 1.488994e+000
<VARIANCE> 25
 4.274670e+001 4.850505e+001 3.680920e+001 6.144078e+001 3.399988e+001 5.836841e+001 4.011843e+001 3.936021e+001 3.740738e+001 2.961522e+001 3.059976e+001 3.617765e+001 5.141110e+000 5.261902e+000 3.028282e+000 6.528060e+000 3.744699e+000 6.493083e+000 4.534110e+000 3.999519e+000 3.628179e+000 3.281010e+000 3.332348e+000 3.700406e+000 2.176572e+001
<GCONST> 1.107251e+002
<STATE> 4
<MEAN> 25
 -6.714734e-001 1.218467e-001 -3.580022e+000 -7.120640e-001 1.468282e+000 1.405122e+000 1.767694e+000 -1.104778e+000 1.771495e+000 1.930245e-002 6.576585e-001 -1.567090e-001 1.238587e-001 -6.359442e-001 -1.082540e-001 -3.130845e-001 -2.078580e-001 9.567983e-002 -3.449764e-001 2.165903e-001 6.544830e-002 -1.082503e-002 4.714532e-002 -1.439189e-001 1.506074e+000
<VARIANCE> 25
 4.366581e+001 4.959008e+001 3.168093e+001 6.088373e+001 3.514618e+001 5.876510e+001 4.200855e+001 3.725696e+001 3.258823e+001 2.825090e+001 2.745160e+001 3.766219e+001 3.567760e+000 3.553173e+000 2.603802e+000 4.631140e+000 3.255551e+000 4.830286e+000 3.483186e+000 3.461649e+000 3.084230e+000 2.769516e+000 2.851624e+000 2.961683e+000 1.332630e+001
<GCONST> 1.070897e+002
<TRANSP> 5
 0.000000e+000 1.000000e+000 0.000000e+000 0.000000e+000 0.000000e+000
 0.000000e+000 6.011631e-001 3.988368e-001 0.000000e+000 0.000000e+000
 0.000000e+000 0.000000e+000 6.039720e-001 3.960280e-001 0.000000e+000
 0.000000e+000 0.000000e+000 0.000000e+000 7.344145e-001 2.655856e-001
 0.000000e+000 0.000000e+000 0.000000e+000 0.000000e+000 0.000000e+000
<ENDHMM>
~h "q"
<BEGINHMM>
<NUMSTATES> 5
<STATE> 2
<MEAN> 25
 -4.254737e+000 4.746012e+000 3.496103e+000 6.198899e+000 -2.677886e+000 -5.566922e+000 4.233456e+000 7.828069e-002 -1.442041e+000 -3.346759e+000 2.103226e+000 3.242294e+000 -1.358483e-001 1.931011e-001 -1.489754e-002 6.220626e-002 7.134864e-002 -7.554259e-002 4.992179e-002 -2.456553e-001 -8.949138e-002 -6.563853e-002 1.018945e-001 6.576112e-002 -1.977735e-001
<VARIANCE> 25
 1.182635e+002 4.010207e+001 1.049039e+002 3.180367e+001 5.024222e+001 3.541302e+001 5.053674e+001 3.458542e+001 8.718924e+001 2.602929e+001 2.625489e+001 3.427567e+001 8.810428e+000 4.093006e+000 8.155849e+000 3.337285e+000 4.887365e+000 4.002848e+000 5.533002e+000 3.353466e+000 7.356922e+000 2.633493e+000 3.113936e+000 2.700270e+000 6.225196e+000
<GCONST> 1.117088e+002
<STATE> 3
<MEAN> 25
 -6.718827e-001 3.241133e+000 5.678931e+000 4.417735e+000 -4.655886e+000 -6.777311e+000 1.443420e+000 -6.239970e-001 -5.013696e+000 -2.020754e+000 2.761333e+000 1.527885e+000 -2.472312e-001 -7.851677e-002 -5.241995e-001 -1.339294e-001 1.520782e-001 1.123387e-001 1.756634e-001 -1.023161e-001 3.115003e-001 -3.960427e-002 -1.196749e-001 6.031464e-002 -3.480829e-001
<VARIANCE> 25
 5.790459e+001 4.860809e+001 1.401470e+002 3.751350e+001 6.096787e+001 3.979275e+001 5.643934e+001 3.883482e+001 7.808540e+001 2.823395e+001 2.968258e+001 3.860169e+001 4.137074e+000 4.901487e+000 7.943437e+000 3.130394e+000 5.401787e+000 3.633516e+000 5.859157e+000 3.231481e+000 7.305273e+000 2.598740e+000 3.186646e+000 2.680310e+000 1.024299e+001
<GCONST> 1.122416e+002
<STATE> 4
<MEAN> 25
 -1.143734e+001 4.061296e+000 -1.711722e+000 2.637961e+000 -8.650956e-001 -2.217561e+000 8.636168e+000 -4.394337e+000 3.497454e+000 -2.413684e+000 1.382802e+000 3.705901e+000 -8.531545e-002 6.005342e-002 -1.682169e-001 -2.429980e-001 8.177553e-002 5.518901e-001 -5.735641e-002 -8.628655e-002 4.764839e-002 -3.839210e-002 -6.085408e-002 4.340250e-002 6.603395e-002
<VARIANCE> 25
 8.913390e+001 2.086073e+001 5.909002e+001 2.747740e+001 2.447010e+001 3.850590e+001 5.740672e+001 2.468105e+001 4.497814e+001 2.108133e+001 3.611294e+001 1.758580e+001 2.859214e+000 2.988660e+000 5.213963e+000 2.118119e+000 3.085417e+000 2.251227e+000 2.587496e+000 2.319566e+000 3.441981e+000 2.283417e+000 2.191602e+000 1.850629e+000 3.569591e+000
<GCONST> 1.012919e+002
<TRANSP> 5
 0.000000e+000 1.000000e+000 0.000000e+000 0.000000e+000 0.000000e+000
 0.000000e+000 9.194241e-001 8.057590e-002 0.000000e+000 0.000000e+000
 0.000000e+000 0.000000e+000 9.135866e-001 8.641332e-002 0.000000e+000
 0.000000e+000 0.000000e+000 0.000000e+000 9.051203e-001 9.487976e-002
 0.000000e+000 0.000000e+000 0.000000e+000 0.000000e+000 0.000000e+000
<ENDHMM>
~h "r"
<BEGINHMM>
<NUMSTATES> 5
<STATE> 2
<MEAN> 25
 4.389736e+000 -4.538090e+000 -2.680287e+000 -1.570842e-001 -1.957937e+000 -1.280448e-001 -4.007384e+000 7.405102e-001 4.468533e+000 1.456163e+000 1.362370e-001 -2.389894e+000 2.043775e-001 -8.239567e-002 1.054763e-001 3.985637e-001 -5.591382e-002 -1.351282e-001 -2.621859e-001 -5.970365e-002 1.407446e-001 -1.137965e-002 5.975212e-002 3.014255e-002 -2.151107e-001
<VARIANCE> 25
 3.545798e+001 4.717653e+001 5.129259e+001 5.264247e+001 5.483373e+001 5.735774e+001 6.921682e+001 7.559789e+001 5.663615e+001 4.469872e+001 4.607629e+001 4.155018e+001 2.850644e+000 3.301663e+000 3.218175e+000 4.671506e+000 4.600324e+000 4.610104e+000 5.101169e+000 5.312831e+000 5.100004e+000 4.257359e+000 3.948422e+000 3.551092e+000 5.896593e+000
<GCONST> 1.120794e+002
<STATE> 3
<MEAN> 25
 4.703830e+000 -4.614105e+000 -2.346204e+000 4.367199e-001 -2.034527e+000 -2.416279e-001 -4.320810e+000 6.604629e-001 4.380575e+000 1.348805e+000 2.416725e-001 -2.264519e+000 6.704261e-002 2.250556e-002 2.493175e-001 1.711572e-001 -5.713655e-002 -6.346159e-002 -3.001844e-002 8.589333e-003 -2.584281e-001 -1.004622e-001 3.727368e-002 1.065738e-001 -2.922877e-001
<VARIANCE> 25
 3.596980e+001 4.811296e+001 5.365012e+001 5.159342e+001 5.595527e+001 5.941175e+001 7.137665e+001 7.519870e+001 5.784685e+001 4.644447e+001 4.597474e+001 4.258266e+001 2.778957e+000 3.350135e+000 3.225808e+000 4.338024e+000 4.719354e+000 4.659956e+000 5.167258e+000 5.318359e+000 5.135031e+000 4.219389e+000 3.929971e+000 3.577757e+000 5.462092e+000
<GCONST> 1.121926e+002
<STATE> 4
<MEAN> 25
 4.171149e+000 -4.348062e+000 -2.115596e+000 5.790547e-001 -1.608817e+000 8.618981e-004 -3.584099e+000 7.861285e-001 3.550388e+000 7.532357e-001 -8.839798e-003 -1.837800e+000 -1.318516e-001 1.726685e-001 3.130959e-001 -5.373948e-002 -4.013107e-003 -1.769593e-002 2.106145e-001 2.408012e-002 -5.393701e-001 -1.528923e-001 2.779266e-002 1.604472e-001 -3.084311e-001
<VARIANCE> 25
 4.080411e+001 5.347819e+001 5.757771e+001 5.183195e+001 6.070733e+001 6.276805e+001 7.446470e+001 7.247468e+001 5.747339e+001 4.527940e+001 4.603244e+001 4.397522e+001 2.238279e+000 2.821117e+000 2.838176e+000 3.293002e+000 4.124997e+000 3.894169e+000 4.268185e+000 4.426679e+000 4.407868e+000 3.516994e+000 3.386287e+000 2.951195e+000 4.227841e+000
<GCONST> 1.102302e+002
<TRANSP> 5
 0.000000e+000 1.000000e+000 0.000000e+000 0.000000e+000 0.000000e+000
 0.000000e+000 5.359819e-001 4.640181e-001 0.000000e+000 0.000000e+000
 0.000000e+000 0.000000e+000 5.343633e-001 4.656367e-001 0.000000e+000
 0.000000e+000 0.000000e+000 0.000000e+000 6.434603e-001 3.565398e-001
 0.000000e+000 0.000000e+000 0.000000e+000 0.000000e+000 0.000000e+000
<ENDHMM>
~h "s"
<BEGINHMM>
<NUMSTATES> 5
<STATE> 2
<MEAN> 25
 -1.081366e+001 5.251950e+000 -1.901017e+000 2.236747e+000 5.246132e+000 -4.315023e+000 3.041430e+000 1.882540e+000 2.025604e+000 -4.670831e-001 -2.975036e-002 2.922904e+000 -3.153058e+000 8.892839e-001 -8.019677e-001 3.518798e-001 9.812914e-001 -2.947308e-001 1.005761e+000 4.341026e-001 4.205860e-001 -2.123345e-001 4.801998e-001 5.707937e-001 -4.223802e-001
<VARIANCE> 25
 1.146207e+002 4.390180e+001 5.104079e+001 3.818508e+001 4.488371e+001 4.154445e+001 7.012270e+001 5.016336e+001 4.656821e+001 3.375085e+001 3.676592e+001 3.074817e+001 7.968572e+000 5.917458e+000 3.744156e+000 3.870380e+000 4.883423e+000 3.772974e+000 5.720481e+000 4.528566e+000 3.844428e+000 3.451594e+000 3.350102e+000 2.798350e+000 2.848167e+000
<GCONST> 1.106976e+002
<STATE> 3
<MEAN> 25
 -1.732761e+001 5.224783e+000 -4.095040e+000 1.862355e+000 6.015316e+000 -4.422518e+000 4.184947e+000 2.665231e+000 2.800852e+000 -4.364264e-001 1.206301e+000 3.754070e+000 -4.776877e-001 -2.617939e-001 -2.629609e-001 -2.094793e-001 -1.478147e-001 7.303593e-003 -1.192940e-001 -1.128366e-002 1.157843e-001 3.851062e-002 1.382157e-001 -1.950077e-002 -1.527028e-001
<VARIANCE> 25
 7.763016e+001 3.531350e+001 4.434948e+001 3.527745e+001 3.719016e+001 3.665468e+001 6.506335e+001 4.273640e+001 4.106493e+001 2.949442e+001 2.928062e+001 2.769832e+001 1.401787e+001 3.538545e+000 3.698689e+000 2.789324e+000 3.508213e+000 2.972734e+000 5.006305e+000 3.697959e+000 3.226953e+000 2.683048e+000 2.925908e+000 2.702976e+000 2.864398e+000
<GCONST> 1.069439e+002
<STATE> 4
<MEAN> 25
 -1.446216e+001 3.423530e+000 -4.009223e+000 1.249423e+000 4.880219e+000 -3.776133e+000 3.022200e+000 1.860230e+000 2.941432e+000 -2.325478e-001 9.483336e-001 3.037935e+000 1.781679e+000 -3.875631e-001 4.914056e-001 -2.737427e-001 -6.239867e-001 1.730127e-001 -7.454008e-001 -3.766124e-001 -1.559303e-001 2.538934e-002 -1.566392e-001 -4.449615e-001 1.690401e-001
<VARIANCE> 25
 1.054346e+002 3.441468e+001 4.542765e+001 3.406026e+001 3.975114e+001 3.656188e+001 6.361897e+001 4.113330e+001 3.889154e+001 2.670527e+001 2.740052e+001 2.855410e+001 9.916612e+000 2.786292e+000 3.469761e+000 2.713844e+000 3.116234e+000 3.062278e+000 4.667625e+000 3.803728e+000 3.520679e+000 2.524981e+000 2.644901e+000 2.637205e+000 3.624690e+000
<GCONST> 1.063559e+002
<TRANSP> 5
 0.000000e+000 1.000000e+000 0.000000e+000 0.000000e+000 0.000000e+000
 0.000000e+000 7.488933e-001 2.511067e-001 0.000000e+000 0.000000e+000
 0.000000e+000 0.000000e+000 7.508457e-001 2.491543e-001 0.000000e+000
 0.000000e+000 0.000000e+000 0.000000e+000 8.538249e-001 1.461751e-001
 0.000000e+000 0.000000e+000 0.000000e+000 0.000000e+000 0.000000e+000
<ENDHMM>
~h "t"
<BEGINHMM>
<NUMSTATES> 5
<STATE> 2
<MEAN> 25
 2.658948e-001 2.324733e+000 -9.707888e-001 6.969963e-001 1.173463e+000 -2.643808e+000 -2.569162e-001 -1.157617e+000 2.338586e+000 7.060031e-001 -1.443338e+000 -5.528500e-001 -5.912991e-001 -2.141416e-002 -3.656963e-001 -6.808881e-002 2.658337e-001 -2.125583e-001 3.131604e-001 -1.109582e-002 2.896034e-001 -1.789411e-001 7.217705e-002 1.379113e-001 -5.714980e-001
<VARIANCE> 25
 4.169315e+001 4.878384e+001 4.311197e+001 4.499518e+001 3.975193e+001 4.387217e+001 5.392589e+001 5.068859e+001 4.675029e+001 3.489834e+001 3.829065e+001 3.374489e+001 3.494266e+000 5.306068e+000 3.066950e+000 4.264953e+000 3.851486e+000 3.864153e+000 4.930550e+000 4.344884e+000 3.851603e+000 3.293898e+000 3.152675e+000 2.955499e+000 2.000482e+001
<GCONST> 1.100977e+002
<STATE> 3
<MEAN> 25
 -1.128837e+000 1.237492e+000 -2.039538e+000 -2.284727e-001 1.242137e+000 -2.791925e+000 1.769193e-001 -8.878260e-001 3.001014e+000 3.118085e-001 -1.218709e+000 -3.409107e-001 -2.683598e-001 -6.676421e-001 -3.594264e-001 -5.671893e-001 -9.734231e-002 6.633392e-002 -1.471684e-001 1.794575e-001 2.116338e-001 -1.136705e-001 8.312460e-002 -6.747367e-002 1.270292e+000
<VARIANCE> 25
 4.289157e+001 4.861047e+001 3.993892e+001 4.278312e+001 3.675201e+001 4.380623e+001 5.093958e+001 4.452990e+001 4.455056e+001 3.267767e+001 3.528544e+001 3.402433e+001 4.981272e+000 4.901056e+000 3.473459e+000 4.593441e+000 4.017221e+000 4.454810e+000 5.909689e+000 4.643235e+000 4.367316e+000 3.379470e+000 3.497774e+000 3.603785e+000 2.307767e+001
<GCONST> 1.110439e+002
<STATE> 4
<MEAN> 25
 -1.725147e+000 -1.868966e-001 -2.713067e+000 -1.178552e+000 1.105066e+000 -2.189366e+000 1.942358e-001 -2.643217e-001 3.110006e+000 9.110420e-002 -9.971736e-001 -2.823513e-001 1.834392e-001 -5.855040e-001 2.684391e-002 -4.855790e-001 -2.688277e-001 2.386623e-001 -4.432718e-001 8.046885e-002 -1.207101e-001 -4.679058e-002 1.508976e-001 -1.635659e-001 1.974460e+000
<VARIANCE> 25
 4.353325e+001 4.792373e+001 3.729887e+001 4.397161e+001 3.746523e+001 4.507018e+001 5.351944e+001 4.307467e+001 4.392078e+001 3.106350e+001 3.410273e+001 3.554591e+001 4.776416e+000 3.855824e+000 3.615342e+000 4.117241e+000 3.939751e+000 4.441251e+000 5.570410e+000 4.554370e+000 4.303297e+000 3.227533e+000 3.352356e+000 3.444499e+000 1.752080e+001
<GCONST> 1.101360e+002
<TRANSP> 5
 0.000000e+000 1.000000e+000 0.000000e+000 0.000000e+000 0.000000e+000
 0.000000e+000 6.119952e-001 3.880047e-001 0.000000e+000 0.000000e+000
 0.000000e+000 0.000000e+000 6.154955e-001 3.845045e-001 0.000000e+000
 0.000000e+000 0.000000e+000 0.000000e+000 7.028763e-001 2.971237e-001
 0.000000e+000 0.000000e+000 0.000000e+000 0.000000e+000 0.000000e+000
<ENDHMM>
~h "u"
<BEGINHMM>
<NUMSTATES> 5
<STATE> 2
<MEAN> 25
 5.870956e+000 4.493262e+000 -1.105695e+000 -4.576103e+000 -3.360067e+000 3.972831e+000 -5.946818e+000 -4.962256e+000 -3.772718e+000 -3.798362e-001 3.268651e+000 3.618242e-001 9.405028e-001 4.706470e-001 -9.416205e-002 -1.008945e+000 -6.157718e-001 8.345068e-001 -6.974868e-001 -3.612830e-001 -6.771433e-001 -6.033168e-002 5.662277e-001 7.006754e-002 5.795662e-001
<VARIANCE> 25
 4.096346e+001 4.204244e+001 4.552979e+001 8.726495e+001 5.655545e+001 5.938944e+001 8.567848e+001 7.377835e+001 6.167422e+001 5.205659e+001 4.675541e+001 3.694780e+001 4.268581e+000 3.474552e+000 3.578841e+000 6.958603e+000 5.386508e+000 5.574410e+000 6.973525e+000 6.109790e+000 5.757791e+000 4.810547e+000 4.342942e+000 3.438965e+000 5.848259e+000
<GCONST> 1.149423e+002
<STATE> 3
<MEAN> 25
 7.346541e+000 5.293468e+000 -1.139576e+000 -6.299245e+000 -4.274451e+000 5.530249e+000 -6.715741e+000 -5.387702e+000 -4.730030e+000 -5.142866e-001 4.099023e+000 5.439255e-001 2.765444e-001 1.166217e-001 8.916613e-002 -1.875062e-001 -8.359014e-002 2.324623e-001 -7.440962e-002 -1.030569e-001 -4.660929e-002 5.302950e-002 7.875738e-002 8.662749e-003 -9.156593e-002
<VARIANCE> 25
 2.795978e+001 4.157854e+001 4.045860e+001 8.797161e+001 5.420782e+001 5.575837e+001 8.427444e+001 7.501678e+001 6.377378e+001 5.687240e+001 4.903352e+001 3.859549e+001 2.821445e+000 3.234486e+000 2.946726e+000 7.064147e+000 4.971135e+000 5.455051e+000 6.364371e+000 5.426052e+000 5.582601e+000 4.746603e+000 4.526849e+000 3.326206e+000 5.227124e+000
<GCONST> 1.134218e+002
<STATE> 4
<MEAN> 25
 7.333048e+000 5.222299e+000 -7.117408e-001 -5.981816e+000 -3.974979e+000 5.230771e+000 -6.043896e+000 -5.047437e+000 -4.008592e+000 -3.861070e-001 3.467685e+000 2.389628e-001 -3.819123e-001 -2.278720e-001 1.765997e-001 6.373941e-001 3.933438e-001 -4.414002e-001 3.840487e-001 7.646527e-002 4.578018e-001 1.298099e-001 -3.652889e-001 -5.073093e-002 -4.965328e-001
<VARIANCE> 25
 2.863670e+001 4.497598e+001 4.135106e+001 8.900449e+001 5.602087e+001 5.705276e+001 8.489272e+001 6.991691e+001 6.445904e+001 5.428341e+001 5.103813e+001 3.953302e+001 1.963711e+000 2.765822e+000 2.506707e+000 4.930727e+000 3.994006e+000 4.226526e+000 4.780531e+000 4.395963e+000 4.387475e+000 3.957990e+000 3.884232e+000 3.040781e+000 3.864931e+000
<GCONST> 1.106004e+002
<TRANSP> 5
 0.000000e+000 1.000000e+000 0.000000e+000 0.000000e+000 0.000000e+000
 0.000000e+000 6.460900e-001 3.539099e-001 0.000000e+000 0.000000e+000
 0.000000e+000 0.000000e+000 6.532488e-001 3.467512e-001 0.000000e+000
 0.000000e+000 0.000000e+000 0.000000e+000 7.757625e-001 2.242375e-001
 0.000000e+000 0.000000e+000 0.000000e+000 0.000000e+000 0.000000e+000
<ENDHMM>
~h "w"
<BEGINHMM>
<NUMSTATES> 5
<STATE> 2
<MEAN> 25
 8.180875e+000 -4.033151e-002 -2.507727e+000 -1.024906e+001 -3.530819e+000 7.419494e+000 -4.334376e+000 -6.453021e-001 -1.787887e+000 9.335316e-001 3.522216e+000 -1.389273e+000 6.954425e-001 2.359146e-001 -2.090443e-001 -1.349614e+000 -4.642754e-001 9.773704e-001 -2.214160e-001 -1.009075e-001 -3.513280e-001 -2.359434e-002 5.697264e-001 1.246787e-001 3.864923e-001
<VARIANCE> 25
 3.029145e+001 6.764106e+001 3.626478e+001 8.382916e+001 5.673392e+001 7.676946e+001 5.739518e+001 5.735437e+001 6.365525e+001 5.603238e+001 5.091098e+001 4.598412e+001 2.304503e+000 4.024320e+000 2.344734e+000 4.664088e+000 4.465377e+000 4.668904e+000 3.608434e+000 4.020035e+000 4.395616e+000 4.151794e+000 3.911726e+000 3.756063e+000 3.844813e+000
<GCONST> 1.112771e+002
<STATE> 3
<MEAN> 25
 9.185144e+000 -3.925294e-001 -3.226058e+000 -1.337412e+001 -4.286724e+000 9.658872e+000 -4.674528e+000 -4.642203e-001 -1.719042e+000 8.792365e-001 4.534254e+000 -1.307463e+000 5.309406e-002 -3.618584e-001 -1.796414e-001 -4.293079e-001 1.577091e-002 3.458336e-001 -5.146776e-002 8.239042e-002 1.959472e-001 7.430981e-002 1.096890e-001 -1.936776e-001 4.627180e-001
<VARIANCE> 25
 2.299599e+001 6.018441e+001 3.235503e+001 7.418298e+001 5.483004e+001 7.059242e+001 5.081183e+001 5.207106e+001 6.070192e+001 5.668182e+001 4.737903e+001 4.682281e+001 1.579538e+000 4.093089e+000 1.922290e+000 4.632711e+000 4.232561e+000 4.400123e+000 2.992936e+000 3.174944e+000 3.811052e+000 3.892256e+000 3.804220e+000 4.098874e+000 3.220747e+000
<GCONST> 1.087952e+002
<STATE> 4
<MEAN> 25
 8.418279e+000 -2.491154e+000 -3.864330e+000 -1.344375e+001 -3.125689e+000 1.053608e+001 -4.550418e+000 -2.599859e-001 9.893374e-002 1.092411e+000 3.035062e+000 -3.115945e+000 -2.993850e-001 -4.738238e-001 -2.980062e-002 5.797341e-001 3.967329e-001 -4.005624e-001 5.691423e-002 1.485487e-001 3.539706e-001 1.539482e-001 -3.960895e-001 -3.494985e-001 1.843515e-001
<VARIANCE> 25
 1.967941e+001 6.492964e+001 3.723165e+001 7.076682e+001 5.849045e+001 6.840016e+001 4.916763e+001 4.932900e+001 6.045776e+001 5.219130e+001 5.056919e+001 4.654843e+001 8.740838e-001 2.805675e+000 1.668381e+000 3.256630e+000 3.092971e+000 3.521625e+000 2.333628e+000 2.655328e+000 2.854691e+000 2.777756e+000 3.114403e+000 3.240543e+000 2.409857e+000
<GCONST> 1.049487e+002
<TRANSP> 5
 0.000000e+000 1.000000e+000 0.000000e+000 0.000000e+000 0.000000e+000
 0.000000e+000 7.004952e-001 2.995048e-001 0.000000e+000 0.000000e+000
 0.000000e+000 0.000000e+000 7.098835e-001 2.901165e-001 0.000000e+000
 0.000000e+000 0.000000e+000 0.000000e+000 8.618492e-001 1.381507e-001
 0.000000e+000 0.000000e+000 0.000000e+000 0.000000e+000 0.000000e+000
<ENDHMM>
~h "y"
<BEGINHMM>
<NUMSTATES> 5
<STATE> 2
<MEAN> 25
 1.302494e+000 -2.675914e+000 8.570862e+000 -1.991100e+000 -8.039937e+000 -3.967104e+000 -3.741605e+000 4.663479e+000 -2.685034e+000 -2.395801e+000 2.508713e+000 9.760932e-001 -1.145846e-001 2.257970e-001 1.026004e+000 5.842840e-003 -7.822798e-001 -3.854663e-001 -3.891465e-001 1.912366e-001 -5.313840e-001 -1.424597e-001 6.455326e-001 4.131657e-001 2.116485e-001
<VARIANCE> 25
 2.215163e+001 5.320561e+001 9.216133e+001 3.864382e+001 6.457455e+001 4.958666e+001 5.719609e+001 7.790380e+001 7.353053e+001 4.930627e+001 4.731046e+001 3.719085e+001 1.132489e+000 2.913128e+000 5.691184e+000 2.031741e+000 3.431535e+000 2.998754e+000 3.481110e+000 4.779251e+000 4.482025e+000 3.282818e+000 3.351377e+000 2.523676e+000 2.220257e+000
<GCONST> 1.077448e+002
<STATE> 3
<MEAN> 25
 1.245320e+000 -2.625089e+000 1.018073e+001 -2.148671e+000 -9.564561e+000 -4.517650e+000 -4.608913e+000 5.091956e+000 -3.271935e+000 -2.607789e+000 3.635910e+000 1.581297e+000 5.066808e-002 -2.506562e-001 -1.271388e-001 -8.022281e-002 -1.633944e-001 -6.350341e-002 -5.157508e-002 3.174537e-001 1.688081e-001 -1.989250e-002 2.697006e-002 9.445860e-003 3.502197e-001
<VARIANCE> 25
 1.778557e+001 4.592363e+001 8.606053e+001 3.734222e+001 5.868248e+001 4.557859e+001 5.333132e+001 7.706870e+001 6.846185e+001 4.976620e+001 4.533660e+001 3.615393e+001 8.492627e-001 2.840019e+000 5.789903e+000 1.569279e+000 3.454272e+000 2.457423e+000 3.053450e+000 4.615937e+000 4.315543e+000 2.914861e+000 3.398028e+000 2.384259e+000 1.989736e+000
<GCONST> 1.056596e+002
<STATE> 4
<MEAN> 25
 6.742919e-001 -3.423236e+000 5.498222e+000 -1.398903e+000 -6.630324e+000 -3.516844e+000 -2.229929e+000 5.567287e+000 -1.019228e+000 -2.258509e+000 2.016667e+000 8.581765e-001 1.388089e-001 -4.117376e-001 -8.138345e-001 -1.126959e-001 4.554632e-001 2.523604e-001 2.018937e-001 2.860367e-001 5.127512e-001 4.533474e-002 -4.804194e-001 -3.731340e-001 1.790771e-001
<VARIANCE> 25
 2.224424e+001 4.812557e+001 8.572816e+001 3.795487e+001 7.955501e+001 4.232393e+001 5.729887e+001 7.564731e+001 5.758720e+001 4.015293e+001 4.555528e+001 3.756330e+001 5.278002e-001 1.772635e+000 3.392109e+000 1.221456e+000 2.630740e+000 2.016372e+000 2.244323e+000 3.518493e+000 2.902920e+000 2.287256e+000 2.643755e+000 2.029132e+000 1.277440e+000
<GCONST> 1.016052e+002
<TRANSP> 5
 0.000000e+000 1.000000e+000 0.000000e+000 0.000000e+000 0.000000e+000
 0.000000e+000 6.703166e-001 3.296834e-001 0.000000e+000 0.000000e+000
 0.000000e+000 0.000000e+000 6.789417e-001 3.210583e-001 0.000000e+000
 0.000000e+000 0.000000e+000 0.000000e+000 8.347864e-001 1.652136e-001
 0.000000e+000 0.000000e+000 0.000000e+000 0.000000e+000 0.000000e+000
<ENDHMM>
~h "z"
<BEGINHMM>
<NUMSTATES> 5
<STATE> 2
<MEAN> 25
 -5.473865e+000 8.448901e+000 1.136029e+000 5.593482e+000 3.082957e+000 -4.803825e+000 7.537901e-001 2.558210e-001 1.000689e+000 -1.225939e+000 -7.995757e-001 2.762611e+000 -1.312829e+000 7.500526e-001 -3.954710e-001 4.014797e-001 6.686894e-001 4.076920e-002 5.580459e-001 2.173810e-001 2.581887e-001 -1.055940e-002 1.770624e-001 3.727322e-001 -5.916775e-001
<VARIANCE> 25
 6.528764e+001 6.827940e+001 4.592704e+001 3.739295e+001 4.915787e+001 4.568027e+001 5.933572e+001 4.866313e+001 4.114880e+001 3.382541e+001 3.517146e+001 3.016467e+001 2.930664e+000 3.730670e+000 2.046172e+000 2.117282e+000 2.909446e+000 2.489672e+000 3.000726e+000 3.345290e+000 2.771694e+000 2.255776e+000 2.194589e+000 1.955804e+000 1.912902e+000
<GCONST> 1.037708e+002
<STATE> 3
<MEAN> 25
 -8.085797e+000 8.928654e+000 3.172559e-001 5.948642e+000 4.301075e+000 -4.218252e+000 1.639034e+000 5.599285e-001 1.307180e+000 -1.045874e+000 -4.481793e-001 3.307099e+000 -8.057824e-001 4.766584e-002 -1.632494e-001 1.007483e-001 3.141668e-001 1.251428e-001 3.006363e-001 6.064060e-002 2.023054e-002 5.801500e-002 1.429614e-001 1.921142e-001 -2.004162e-001
<VARIANCE> 25
 7.069881e+001 7.320843e+001 4.431053e+001 3.844454e+001 4.532730e+001 4.385442e+001 5.624944e+001 4.187127e+001 3.854045e+001 3.214991e+001 2.993861e+001 2.789563e+001 2.703703e+000 2.847563e+000 1.749500e+000 1.871375e+000 2.618280e+000 2.206886e+000 2.559493e+000 2.692444e+000 2.270383e+000 1.884017e+000 1.896011e+000 1.712606e+000 1.729521e+000
<GCONST> 1.012384e+002
<STATE> 4
<MEAN> 25
 -7.648865e+000 4.654471e+000 -1.242147e+000 4.031643e+000 4.220950e+000 -1.321954e+000 2.023631e+000 1.367965e+000 9.908168e-001 -7.508520e-001 9.167442e-002 2.918049e+000 -4.457813e-003 -1.225679e-001 1.042559e-001 -6.048145e-002 -5.203398e-002 -3.894076e-002 -3.687167e-002 -5.113720e-002 -2.916976e-002 2.953420e-002 4.628278e-002 2.008987e-002 1.266757e-001
<VARIANCE> 25
 6.126733e+001 6.090062e+001 3.957858e+001 3.383648e+001 4.296513e+001 3.802820e+001 4.262932e+001 3.675711e+001 3.107358e+001 2.630602e+001 2.555284e+001 2.447215e+001 1.914809e+000 1.750537e+000 1.450958e+000 1.539647e+000 2.150493e+000 1.970729e+000 2.129618e+000 2.224325e+000 1.968538e+000 1.708547e+000 1.673325e+000 1.491653e+000 1.605900e+000
<GCONST> 9.688541e+001
<TRANSP> 5
 0.000000e+000 1.000000e+000 0.000000e+000 0.000000e+000 0.000000e+000
 0.000000e+000 6.736639e-001 3.263361e-001 0.000000e+000 0.000000e+000
 0.000000e+000 0.000000e+000 6.712432e-001 3.287568e-001 0.000000e+000
 0.000000e+000 0.000000e+000 0.000000e+000 9.099982e-001 9.000181e-002
 0.000000e+000 0.000000e+000 0.000000e+000 0.000000e+000 0.000000e+000
<ENDHMM>
~h "ai"
<BEGINHMM>
<NUMSTATES> 5
<STATE> 2
<MEAN> 25
 3.393611e+000 -6.638823e+000 3.909053e+000 -3.934936e+000 -6.341836e+000 -4.449196e+000 -2.646864e+000 7.563106e+000 -9.038539e-001 8.649905e-001 3.390984e-001 -2.048774e+000 1.227266e-002 -1.865405e-001 1.074164e+000 -2.031266e-001 -1.148089e+000 -7.058924e-001 -5.804348e-002 6.747601e-001 -4.871727e-001 7.146183e-002 5.443712e-001 2.054030e-001 4.861307e-001
<VARIANCE> 25
 2.404345e+001 5.146838e+001 7.148329e+001 4.175560e+001 6.963974e+001 6.687673e+001 4.368544e+001 7.837041e+001 6.140382e+001 4.703936e+001 5.648121e+001 4.112918e+001 2.698426e+000 4.100001e+000 3.503547e+000 3.489438e+000 4.502098e+000 4.497527e+000 3.720402e+000 6.557041e+000 4.483013e+000 3.484271e+000 4.259727e+000 3.820580e+000 5.357460e+000
<GCONST> 1.116991e+002
<STATE> 3
<MEAN> 25
 3.107200e+000 -5.897382e+000 6.942702e+000 -4.040780e+000 -9.066922e+000 -5.897731e+000 -2.796265e+000 7.893574e+000 -2.577178e+000 1.191235e+000 2.171594e+000 -1.328782e+000 -9.981374e-002 3.994403e-001 8.186572e-001 5.703906e-002 -6.156794e-001 -3.433324e-001 9.478114e-003 -1.348806e-001 -4.741211e-001 8.063233e-002 4.492326e-001 2.595033e-001 -2.853499e-001
<VARIANCE> 25
 1.997439e+001 5.105828e+001 6.710543e+001 3.768338e+001 6.051151e+001 6.068782e+001 4.021078e+001 8.149582e+001 6.194346e+001 4.482468e+001 5.470900e+001 3.860273e+001 1.605011e+000 3.265533e+000 3.602473e+000 2.969751e+000 4.610031e+000 3.790254e+000 3.309915e+000 5.914433e+000 4.365045e+000 3.181076e+000 3.738484e+000 2.845862e+000 4.081246e+000
<GCONST> 1.088609e+002
<STATE> 4
<MEAN> 25
 2.914984e+000 -3.448673e+000 9.763300e+000 -3.821665e+000 -1.025588e+001 -6.687429e+000 -2.567544e+000 5.785859e+000 -4.613225e+000 1.485050e+000 2.929761e+000 -7.491940e-001 -8.500987e-002 6.245238e-001 1.338719e-002 3.845412e-001 3.293016e-001 5.897930e-002 1.582854e-001 -6.080580e-001 -1.225445e-001 -6.243136e-002 -2.437178e-002 2.097046e-001 -8.749582e-001
<VARIANCE> 25
 1.935372e+001 5.359583e+001 6.100018e+001 4.160411e+001 4.980408e+001 5.423619e+001 4.273957e+001 8.837843e+001 5.545868e+001 3.800768e+001 4.399066e+001 3.255168e+001 1.272269e+000 2.367332e+000 3.246968e+000 2.464302e+000 3.641399e+000 2.775486e+000 2.896203e+000 4.270081e+000 3.563896e+000 2.656801e+000 2.850315e+000 1.907700e+000 2.817453e+000
<GCONST> 1.047763e+002
<TRANSP> 5
 0.000000e+000 1.000000e+000 0.000000e+000 0.000000e+000 0.000000e+000
 0.000000e+000 6.809115e-001 3.190885e-001 0.000000e+000 0.000000e+000
 0.000000e+000 0.000000e+000 6.833426e-001 3.166574e-001 0.000000e+000
 0.000000e+000 0.000000e+000 0.000000e+000 8.491129e-001 1.508871e-001
 0.000000e+000 0.000000e+000 0.000000e+000 0.000000e+000 0.000000e+000
<ENDHMM>
~h "au"
<BEGINHMM>
<NUMSTATES> 5
<STATE> 2
<MEAN> 25
 2.856783e+000 -2.858596e+000 -5.854767e+000 -8.217854e+000 3.893121e-001 6.550431e+000 -1.751209e+000 -2.037089e+000 3.733476e+000 7.180278e-001 6.068004e-001 -2.137603e+000 7.641999e-002 2.663784e-001 -1.466319e-001 -4.261267e-001 -8.850166e-002 5.174655e-001 8.855063e-002 -2.592815e-001 -9.909450e-002 -1.691436e-001 4.240828e-001 2.665883e-001 -2.435444e-001
<VARIANCE> 25
 5.169628e+001 3.657464e+001 2.210048e+001 8.979675e+001 3.643289e+001 8.412525e+001 5.647897e+001 4.269632e+001 3.793770e+001 3.520076e+001 3.622002e+001 4.888036e+001 8.407217e-001 1.711968e+000 1.139278e+000 1.962908e+000 1.676685e+000 2.748380e+000 2.036075e+000 2.255296e+000 2.291512e+000 2.071251e+000 2.349570e+000 2.118578e+000 1.293460e+000
<GCONST> 9.921732e+001
<STATE> 3
<MEAN> 25
 3.474094e+000 -1.644794e+000 -5.988724e+000 -9.553302e+000 -2.169383e-001 7.889322e+000 -1.981897e+000 -2.368895e+000 3.319954e+000 3.954637e-001 1.911985e+000 -1.418440e+000 1.029206e-001 4.465803e-001 3.122532e-002 -2.079941e-001 -2.082104e-001 2.494022e-001 -4.044893e-002 -9.940258e-002 -2.489648e-001 -1.769607e-001 3.747270e-001 3.466524e-001 -3.478186e-001
<VARIANCE> 25
 5.509955e+001 3.743194e+001 2.159092e+001 9.978763e+001 3.816089e+001 8.377008e+001 5.611619e+001 4.018486e+001 3.858624e+001 3.463382e+001 3.509790e+001 4.901915e+001 7.681403e-001 1.624277e+000 1.117713e+000 2.118310e+000 1.652996e+000 2.280988e+000 1.999380e+000 2.055198e+000 2.147716e+000 2.110129e+000 2.249651e+000 2.098489e+000 1.247197e+000
<GCONST> 9.880042e+001
<STATE> 4
<MEAN> 25
 2.972190e+000 5.134927e-001 -5.617166e+000 -7.722470e+000 -3.578889e-001 8.120332e+000 -1.228269e+000 -1.979080e+000 2.673055e+000 -6.789213e-001 2.035904e+000 -5.692291e-001 1.499758e-002 2.305060e-001 9.888016e-002 1.413837e-001 -6.953630e-002 -9.895459e-002 -4.343882e-002 5.068546e-003 -1.988562e-001 4.048417e-003 5.188958e-002 1.491528e-001 -2.543711e-001
<VARIANCE> 25
 5.927225e+001 3.252160e+001 2.485852e+001 9.632751e+001 4.105400e+001 8.644073e+001 4.937403e+001 3.307680e+001 3.898330e+001 2.997936e+001 2.989749e+001 4.460397e+001 7.894892e-001 1.309018e+000 1.268216e+000 1.949305e+000 1.760823e+000 2.076775e+000 1.926861e+000 1.692140e+000 1.928170e+000 1.914404e+000 1.831510e+000 1.748006e+000 1.771019e+000
<GCONST> 9.758140e+001
<TRANSP> 5
 0.000000e+000 1.000000e+000 0.000000e+000 0.000000e+000 0.000000e+000
 0.000000e+000 6.848533e-001 3.151466e-001 0.000000e+000 0.000000e+000
 0.000000e+000 0.000000e+000 6.821560e-001 3.178440e-001 0.000000e+000
 0.000000e+000 0.000000e+000 0.000000e+000 9.398811e-001 6.011891e-002
 0.000000e+000 0.000000e+000 0.000000e+000 0.000000e+000 0.000000e+000
<ENDHMM>
~h "kh"
<BEGINHMM>
<NUMSTATES> 5
<STATE> 2
<MEAN> 25
 -3.947215e+000 -2.152824e+000 -6.107587e+000 -4.039518e-001 6.230937e+000 1.099088e+000 2.800868e+000 8.723070e-001 1.954867e+000 5.861650e-001 3.269517e-002 1.794985e+000 -9.460708e-001 -3.762115e-001 -7.395042e-001 -9.927730e-002 6.818519e-001 -1.028918e-001 2.422335e-001 3.112325e-001 1.145959e-001 4.988219e-002 2.518863e-001 3.123587e-001 4.245868e-003
<VARIANCE> 25
 4.522918e+001 5.908642e+001 6.072922e+001 5.342113e+001 6.410447e+001 6.993532e+001 5.231982e+001 4.320860e+001 5.036197e+001 4.123952e+001 3.629747e+001 3.471311e+001 3.582572e+000 3.775124e+000 4.188651e+000 3.630920e+000 5.155955e+000 4.641706e+000 4.577253e+000 3.300514e+000 3.435226e+000 3.218742e+000 2.669264e+000 2.597613e+000 4.790869e+000
<GCONST> 1.099543e+002
<STATE> 3
<MEAN> 25
 -6.014496e+000 -3.434828e+000 -7.513366e+000 -1.132674e+000 7.211735e+000 1.097001e+000 3.035106e+000 1.596452e+000 2.141034e+000 7.018667e-001 7.558960e-001 2.227535e+000 -3.540294e-001 -2.153222e-001 -2.512626e-001 -1.948707e-001 1.024802e-002 6.004520e-002 1.368276e-001 9.328637e-002 -1.222080e-002 -5.552121e-002 1.765442e-001 7.358482e-002 1.683250e-001
<VARIANCE> 25
 4.471766e+001 5.218288e+001 6.202794e+001 5.326268e+001 6.685049e+001 6.496667e+001 5.418601e+001 4.059624e+001 4.884656e+001 4.260782e+001 3.420638e+001 3.696772e+001 3.565618e+000 3.306751e+000 3.747980e+000 3.262279e+000 4.242850e+000 4.166486e+000 3.917245e+000 3.201506e+000 3.151246e+000 3.037647e+000 2.643834e+000 2.485855e+000 3.850322e+000
<GCONST> 1.085226e+002
<STATE> 4
<MEAN> 25
 -6.071682e+000 -2.840043e+000 -7.256322e+000 -8.111330e-001 6.033625e+000 1.722675e+000 3.526191e+000 9.268149e-001 2.579542e+000 5.796564e-002 8.282222e-001 1.780912e+000 4.763424e-001 2.209731e-001 3.244773e-001 -9.816021e-002 -4.460135e-001 1.350611e-001 -3.617454e-002 -2.091167e-001 -1.865739e-001 -8.324055e-002 1.916862e-002 -1.851210e-001 2.470200e-001
<VARIANCE> 25
 4.849022e+001 5.333023e+001 6.409903e+001 5.038029e+001 6.553326e+001 5.355162e+001 5.058286e+001 3.837126e+001 4.258853e+001 3.494051e+001 2.986396e+001 3.299903e+001 3.642164e+000 2.557066e+000 3.050588e+000 2.870734e+000 3.220448e+000 2.977276e+000 3.316438e+000 3.010050e+000 2.980678e+000 2.563007e+000 2.386610e+000 2.122477e+000 2.877631e+000
<GCONST> 1.054928e+002
<TRANSP> 5
 0.000000e+000 1.000000e+000 0.000000e+000 0.000000e+000 0.000000e+000
 0.000000e+000 6.888570e-001 3.111430e-001 0.000000e+000 0.000000e+000
 0.000000e+000 0.000000e+000 6.931907e-001 3.068092e-001 0.000000e+000
 0.000000e+000 0.000000e+000 0.000000e+000 8.603030e-001 1.396970e-001
 0.000000e+000 0.000000e+000 0.000000e+000 0.000000e+000 0.000000e+000
<ENDHMM>
~h "ng"
<BEGINHMM>
<NUMSTATES> 5
<STATE> 2
<MEAN> 25
 6.608389e+000 -1.303004e+000 2.385991e+000 -2.342945e+000 -3.774234e+000 3.375922e+000 -5.502932e-001 -2.473459e+000 -4.553219e+000 2.561697e+000 -2.751931e+000 -3.675094e+000 2.000688e-001 5.109217e-001 5.042961e-001 4.370982e-001 -3.413638e-001 -1.018378e-001 4.816900e-001 -7.460776e-001 -4.642264e-001 4.050491e-001 -4.474701e-001 3.901684e-001 -5.307105e-001
<VARIANCE> 25
 1.715574e+001 4.266789e+001 4.848765e+001 4.690500e+001 6.028300e+001 4.961796e+001 6.114008e+001 7.556369e+001 5.701421e+001 4.881107e+001 5.189199e+001 5.372956e+001 1.004597e+000 2.274645e+000 3.434049e+000 3.074544e+000 3.805680e+000 2.851151e+000 4.313041e+000 6.048000e+000 4.672522e+000 3.275089e+000 3.915493e+000 4.308602e+000 2.551385e+000
<GCONST> 1.078972e+002
<STATE> 3
<MEAN> 25
 6.801916e+000 -3.501868e-001 3.360641e+000 -1.398772e+000 -4.362013e+000 3.077786e+000 4.078005e-001 -3.756307e+000 -5.177573e+000 3.090872e+000 -3.744308e+000 -2.564999e+000 -4.724934e-002 3.406097e-001 2.162913e-001 3.414247e-001 -3.048905e-002 -1.244664e-001 2.899086e-001 -2.807427e-001 -9.853871e-002 4.609500e-002 -2.574401e-001 3.293750e-001 -4.739550e-001
<VARIANCE> 25
 1.665890e+001 3.665812e+001 4.169988e+001 4.678514e+001 5.698863e+001 4.656410e+001 6.183665e+001 7.206618e+001 5.350793e+001 4.797266e+001 5.090445e+001 4.966833e+001 1.006550e+000 2.296419e+000 3.220441e+000 2.967236e+000 4.041995e+000 2.734833e+000 4.032746e+000 6.074766e+000 4.218031e+000 3.185607e+000 3.654588e+000 4.086791e+000 2.445544e+000
<GCONST> 1.068016e+002
<STATE> 4
<MEAN> 25
 6.498330e+000 2.068688e-001 3.359344e+000 -9.319724e-001 -3.855294e+000 3.425412e+000 1.000182e-001 -3.603341e+000 -4.963120e+000 2.478256e+000 -3.741075e+000 -2.511540e+000 -2.842770e-001 1.812908e-001 -1.859361e-001 2.371786e-001 3.858538e-001 -1.826836e-001 9.042923e-002 1.843887e-001 1.560458e-001 -2.307403e-001 7.482640e-002 6.542347e-002 -4.567103e-001
<VARIANCE> 25
 2.017207e+001 4.007479e+001 4.111887e+001 5.245821e+001 6.219689e+001 4.543394e+001 6.467999e+001 7.222753e+001 5.328965e+001 4.629913e+001 4.872772e+001 4.570080e+001 1.075866e+000 2.119937e+000 2.505958e+000 2.593398e+000 3.633682e+000 2.617761e+000 3.273337e+000 4.775326e+000 3.377036e+000 2.796664e+000 2.891797e+000 2.869827e+000 2.375424e+000
<GCONST> 1.051582e+002
<TRANSP> 5
 0.000000e+000 1.000000e+000 0.000000e+000 0.000000e+000 0.000000e+000
 0.000000e+000 6.103134e-001 3.896867e-001 0.000000e+000 0.000000e+000
 0.000000e+000 0.000000e+000 6.177756e-001 3.822245e-001 0.000000e+000
 0.000000e+000 0.000000e+000 0.000000e+000 7.683227e-001 2.316773e-001
 0.000000e+000 0.000000e+000 0.000000e+000 0.000000e+000 0.000000e+000
<ENDHMM>
~h "ny"
<BEGINHMM>
<NUMSTATES> 5
<STATE> 2
<MEAN> 25
 4.008893e+000 -2.255098e+000 5.580313e+000 -9.221272e-001 -4.971136e+000 -1.978071e+000 -7.301532e-001 4.588736e+000 -4.280098e+000 -3.576254e+000 -8.264883e-001 1.643679e-001 -4.969641e-002 -3.773271e-001 -2.003417e-001 5.266833e-002 1.406501e-001 4.349328e-002 1.415604e-001 5.657378e-001 2.676001e-002 -4.461278e-001 -2.117780e-001 9.391423e-002 1.364098e-001
<VARIANCE> 25
 1.928587e+001 5.435386e+001 4.126472e+001 4.721030e+001 5.254226e+001 3.246272e+001 3.860504e+001 1.069805e+002 5.836547e+001 5.234465e+001 4.591785e+001 3.857052e+001 1.214951e+000 4.252539e+000 2.830462e+000 3.329781e+000 3.133692e+000 2.293871e+000 2.616285e+000 8.497948e+000 4.001656e+000 3.769615e+000 3.608202e+000 2.423223e+000 2.622224e+000
<GCONST> 1.065537e+002
<STATE> 3
<MEAN> 25
 3.775396e+000 -3.466914e+000 4.352654e+000 -7.086812e-001 -3.760495e+000 -1.406554e+000 -5.612508e-001 5.836170e+000 -3.504232e+000 -4.555908e+000 -1.778795e+000 6.925143e-002 -4.240281e-002 -4.392695e-001 -4.671015e-001 3.973402e-002 4.317080e-001 1.881549e-001 -1.228365e-002 3.982582e-001 3.382156e-001 -2.372580e-001 -3.380326e-001 -1.105571e-001 -1.638525e-002
<VARIANCE> 25
 1.910220e+001 5.624477e+001 4.153957e+001 4.368025e+001 5.738625e+001 3.121329e+001 3.823983e+001 1.044724e+002 5.883576e+001 5.332957e+001 4.527583e+001 3.756018e+001 9.925571e-001 3.427085e+000 2.285551e+000 2.751135e+000 2.884632e+000 1.956131e+000 2.348128e+000 7.365500e+000 3.210524e+000 3.352954e+000 3.146977e+000 2.125875e+000 2.351244e+000
<GCONST> 1.044789e+002
<STATE> 4
<MEAN> 25
 1.292987e+000 -2.920821e+000 3.437339e-001 1.214538e+000 1.012672e+000 -1.084500e-001 7.642370e-001 5.199420e+000 -1.291438e+000 -3.709409e+000 -2.710912e+000 -1.526132e-001 -1.041253e-001 -2.248390e-002 -3.004297e-001 7.141824e-002 3.405307e-001 1.143097e-001 1.195380e-002 -4.009626e-002 2.119306e-001 6.534664e-002 -1.086477e-001 -8.290908e-002 -4.029898e-001
<VARIANCE> 25
 2.818759e+001 5.503123e+001 3.868232e+001 3.907540e+001 6.060353e+001 2.794561e+001 3.911277e+001 7.541686e+001 4.870319e+001 4.442743e+001 3.779034e+001 3.350684e+001 6.276021e-001 1.801802e+000 1.415192e+000 1.691422e+000 1.944310e+000 1.601158e+000 1.846951e+000 3.447027e+000 2.211930e+000 2.276480e+000 2.085242e+000 1.623944e+000 1.654402e+000
<GCONST> 9.818422e+001
<TRANSP> 5
 0.000000e+000 1.000000e+000 0.000000e+000 0.000000e+000 0.000000e+000
 0.000000e+000 6.931844e-001 3.068156e-001 0.000000e+000 0.000000e+000
 0.000000e+000 0.000000e+000 6.901136e-001 3.098864e-001 0.000000e+000
 0.000000e+000 0.000000e+000 0.000000e+000 8.894148e-001 1.105852e-001
 0.000000e+000 0.000000e+000 0.000000e+000 0.000000e+000 0.000000e+000
<ENDHMM>
~h "oi"
<BEGINHMM>
<NUMSTATES> 5
<STATE> 2
<MEAN> 25
 4.145226e+000 -1.938808e+000 -6.318327e+000 -8.726244e+000 -5.525609e+000 8.838019e+000 -3.151619e+000 -2.015794e+000 1.941354e+000 -6.870821e-001 3.542205e+000 2.284579e+000 -2.799654e-001 -2.195682e-001 2.163325e-001 -4.953400e-001 -2.035807e-001 1.097641e-001 -2.190423e-001 1.716129e-001 -2.057007e-002 3.649252e-001 1.503724e-001 -1.744061e-001 3.695175e-001
<VARIANCE> 25
 4.366502e+001 2.857207e+001 7.938103e+001 1.177652e+002 7.765744e+001 1.048862e+002 6.942349e+001 5.889109e+001 4.995628e+001 5.759472e+001 3.718357e+001 4.577964e+001 1.083872e+000 1.282719e+000 3.034493e+000 6.281826e+000 3.225677e+000 5.468078e+000 3.156038e+000 3.018763e+000 3.864263e+000 3.728720e+000 2.986779e+000 3.684618e+000 1.993604e+000
<GCONST> 1.091018e+002
<STATE> 3
<MEAN> 25
 2.852437e+000 -2.873896e+000 -3.098574e+000 -6.988614e+000 -6.115932e+000 5.886660e+000 -4.163948e+000 -1.404412e+000 1.555221e+000 4.377052e-001 3.441561e+000 1.244674e+000 -3.239815e-001 -1.452990e-001 6.805840e-001 3.109695e-001 1.631475e-002 -7.158084e-001 -1.200966e-001 2.393044e-001 -1.163787e-001 1.998119e-001 -1.898479e-001 -2.020178e-001 9.572044e-002
<VARIANCE> 25
 3.836171e+001 2.386515e+001 1.080246e+002 1.209258e+002 7.426209e+001 1.306616e+002 7.025650e+001 5.705515e+001 5.927446e+001 5.979974e+001 3.503094e+001 4.005384e+001 9.891819e-001 1.222852e+000 3.930378e+000 4.974405e+000 3.449773e+000 5.819422e+000 3.003365e+000 3.331432e+000 4.815193e+000 4.459453e+000 2.712261e+000 3.188336e+000 1.475073e+000
<GCONST> 1.092188e+002
<STATE> 4
<MEAN> 25
 -1.161148e+000 -1.518028e+000 -3.622857e+000 -2.427477e+000 -1.503872e+000 3.048128e+000 1.893840e-001 4.803604e-001 9.476007e-001 -1.659971e-001 1.459864e+000 1.623959e+000 -4.036118e-002 9.024172e-003 1.331488e-001 1.565858e-001 -2.064874e-003 -4.842219e-001 -1.434499e-002 6.045758e-002 -4.973920e-002 1.693813e-001 -1.690904e-001 -1.374008e-001 4.258154e-002
<VARIANCE> 25
 5.201773e+001 2.875072e+001 6.581192e+001 9.964220e+001 6.573023e+001 9.536491e+001 5.895098e+001 3.935202e+001 4.766658e+001 4.340823e+001 2.462456e+001 3.431883e+001 9.985984e-001 9.792460e-001 2.334377e+000 2.721303e+000 2.329128e+000 4.004097e+000 2.292059e+000 2.491320e+000 2.881610e+000 2.858346e+000 1.717285e+000 2.085958e+000 1.067858e+000
<GCONST> 1.021642e+002
<TRANSP> 5
 0.000000e+000 1.000000e+000 0.000000e+000 0.000000e+000 0.000000e+000
 0.000000e+000 7.666478e-001 2.333521e-001 0.000000e+000 0.000000e+000
 0.000000e+000 0.000000e+000 7.567347e-001 2.432652e-001 0.000000e+000
 0.000000e+000 0.000000e+000 0.000000e+000 8.863981e-001 1.136020e-001
 0.000000e+000 0.000000e+000 0.000000e+000 0.000000e+000 0.000000e+000
<ENDHMM>
~h "sy"
<BEGINHMM>
<NUMSTATES> 5
<STATE> 2
<MEAN> 25
 -1.195150e+001 3.583787e+000 3.157921e+000 8.197200e-001 1.997494e+000 -2.085009e+000 3.308551e+000 1.078783e+000 1.323671e+000 -1.762273e+000 1.036065e+000 3.374178e+000 -2.745286e+000 1.504301e-001 -1.505975e-001 -1.345703e-001 2.781760e-001 2.643204e-001 6.257895e-001 2.589247e-001 4.886620e-001 -9.012170e-002 6.878761e-001 3.121252e-001 6.317816e-003
<VARIANCE> 25
 1.169646e+002 3.804120e+001 5.766281e+001 3.444986e+001 5.371976e+001 4.595882e+001 5.204060e+001 4.152155e+001 4.841362e+001 3.042657e+001 3.191298e+001 2.659272e+001 8.353693e+000 4.263778e+000 3.420176e+000 2.893686e+000 4.564800e+000 3.528367e+000 4.541304e+000 3.696283e+000 3.344531e+000 3.005031e+000 3.372839e+000 2.369562e+000 2.086208e+000
<GCONST> 1.080563e+002
<STATE> 3
<MEAN> 25
 -1.722363e+001 1.850058e+000 2.710754e+000 -5.719308e-001 1.021999e+000 -1.459867e+000 3.934875e+000 1.439705e+000 2.545201e+000 -1.312502e+000 2.728058e+000 3.966908e+000 -2.336354e-001 -4.403947e-001 1.038302e-002 -2.616535e-001 -3.987210e-001 -1.026586e-001 -1.472744e-001 1.089331e-001 9.347460e-002 5.013926e-002 2.406732e-001 8.225202e-002 2.394999e-001
<VARIANCE> 25
 9.244469e+001 3.518547e+001 5.236444e+001 3.090794e+001 6.054547e+001 4.376702e+001 4.875779e+001 3.637411e+001 4.348271e+001 2.762530e+001 2.789858e+001 2.372105e+001 1.183238e+001 2.440876e+000 3.013263e+000 2.098495e+000 3.596315e+000 2.948821e+000 3.750142e+000 2.643085e+000 2.946633e+000 2.550659e+000 2.781290e+000 1.955409e+000 1.565453e+000
<GCONST> 1.043936e+002
<STATE> 4
<MEAN> 25
 -1.313337e+001 7.993043e-002 2.086915e+000 -4.755689e-001 1.524179e-001 -2.160009e+000 2.497150e+000 1.935735e+000 2.241893e+000 -7.845538e-001 2.636752e+000 4.004018e+000 1.237147e+000 -3.000195e-001 1.948018e-001 -1.003979e-001 -4.204721e-001 -3.237048e-001 -4.318559e-001 1.090062e-001 -5.504744e-002 -6.044810e-002 -1.908642e-001 -1.667237e-001 4.554629e-001
<VARIANCE> 25
 1.198473e+002 3.337480e+001 5.211080e+001 3.261689e+001 6.622245e+001 3.970214e+001 4.929073e+001 3.698827e+001 3.582845e+001 2.759627e+001 2.495515e+001 2.099018e+001 8.467757e+000 2.145024e+000 2.600731e+000 2.003780e+000 3.169212e+000 2.691365e+000 3.289983e+000 2.885082e+000 2.768057e+000 2.333922e+000 2.521143e+000 1.888888e+000 1.786695e+000
<GCONST> 1.031704e+002
<TRANSP> 5
 0.000000e+000 1.000000e+000 0.000000e+000 0.000000e+000 0.000000e+000
 0.000000e+000 7.701759e-001 2.298240e-001 0.000000e+000 0.000000e+000
 0.000000e+000 0.000000e+000 7.809301e-001 2.190699e-001 0.000000e+000
 0.000000e+000 0.000000e+000 0.000000e+000 9.123029e-001 8.769707e-002
 0.000000e+000 0.000000e+000 0.000000e+000 0.000000e+000 0.000000e+000
<ENDHMM>
~h "sil"
<BEGINHMM>
<NUMSTATES> 5
<STATE> 2
<MEAN> 25
 -4.973043e+000 2.945240e+000 -2.474138e+000 4.424499e+000 4.258181e+000 -4.168743e-001 5.046702e+000 1.525979e+000 4.563629e-001 -3.713545e-001 9.633341e-001 2.594787e+000 -2.552082e-002 1.804778e-002 -9.388000e-003 -2.323452e-003 -1.074780e-002 -1.513238e-002 -6.503202e-003 -8.884588e-003 8.709860e-003 1.335279e-002 1.634986e-002 -1.042408e-003 -4.709180e-002
<VARIANCE> 25
 9.266068e+000 1.668871e+001 1.429512e+001 1.976363e+001 2.003888e+001 2.100531e+001 2.543538e+001 3.242113e+001 2.439806e+001 2.356638e+001 1.920035e+001 1.877534e+001 2.247049e-001 6.045237e-001 6.610429e-001 1.064437e+000 1.140972e+000 1.420429e+000 1.391818e+000 1.892057e+000 1.592372e+000 1.671862e+000 1.473850e+000 1.437432e+000 2.310032e-001
<GCONST> 8.099891e+001
<STATE> 3
<MEAN> 25
 -6.177412e+000 2.627151e+000 -3.225388e+000 3.612024e+000 3.380328e+000 -1.153029e+000 5.359974e+000 -5.550377e-001 1.792919e+000 -9.600523e-001 7.576993e-001 3.119126e+000 -2.714285e-002 3.722119e-002 1.541641e-002 -1.099121e-003 -4.882114e-003 -6.883077e-003 1.118497e-002 2.910279e-003 2.521081e-004 3.400111e-002 1.779568e-002 -3.969299e-003 -3.058951e-002
<VARIANCE> 25
 1.010363e+001 1.401886e+001 1.154108e+001 1.610900e+001 1.674846e+001 2.120004e+001 2.444861e+001 2.545674e+001 2.359599e+001 2.121108e+001 1.792461e+001 1.638321e+001 2.487426e-001 5.238774e-001 6.118670e-001 8.304500e-001 9.773749e-001 1.215773e+000 1.371324e+000 1.523519e+000 1.510264e+000 1.496540e+000 1.396828e+000 1.279699e+000 2.450529e-001
<GCONST> 7.851384e+001
<STATE> 4
<MEAN> 25
 -4.990581e+000 1.559337e+000 -2.316450e+000 2.132500e+000 3.212725e+000 -1.409977e+000 3.528495e+000 1.680208e-001 7.047251e-001 7.227802e-002 1.259919e-001 2.247961e+000 1.488317e-003 8.297546e-003 1.305071e-002 2.661487e-003 6.830167e-003 4.744876e-003 -2.731886e-004 -1.235394e-003 -6.734073e-003 4.154659e-003 -1.315583e-002 -1.229052e-002 4.864150e-002
<VARIANCE> 25
 3.078738e+001 2.538046e+001 2.801796e+001 3.188531e+001 3.121244e+001 3.117943e+001 3.773104e+001 3.471353e+001 2.965037e+001 2.431752e+001 2.349473e+001 2.455424e+001 9.954274e-001 1.228549e+000 1.342223e+000 1.573161e+000 1.647865e+000 1.937399e+000 2.018104e+000 2.202949e+000 2.060517e+000 1.961023e+000 1.832492e+000 1.629332e+000 2.195863e+000
<GCONST> 9.327780e+001
<TRANSP> 5
 0.000000e+000 1.000000e+000 0.000000e+000 0.000000e+000 0.000000e+000
 0.000000e+000 9.794100e-001 2.058998e-002 0.000000e+000 0.000000e+000
 0.000000e+000 0.000000e+000 8.864167e-001 1.135832e-001 0.000000e+000
 0.000000e+000 0.000000e+000 0.000000e+000 9.623147e-001 3.768530e-002
 0.000000e+000 0.000000e+000 0.000000e+000 0.000000e+000 0.000000e+000
<ENDHMM>
